Wavelength	800	782	764	746	728	710	692	674	656	638	620	602	584	566	548	530	512	494	476	458	440	422	404	386	368	350	332	314	296	278	260	242
247.926	0	87.2351825752503	-23.2301146639509	-3.35435831347833	-18.7001659202798	-14.5777276876271	13.8298388171795	-93.3152372792871	-11.9279663390984	-29.6282013677646	-20.8467135793705	-23.4929355019544	-13.4489446018805	-28.6603396269721	-1.72321235383055	-1.90616619609013	1.13706041910372	-3.16228917951137	-0.909918079418416	-1.0660863818606	-6.58083760940822	0.456505945504342	-2.77406125395071	-3.04047710575091	0.504746815187476	-5.92259479872907	-5.73945920654474	6.96322608841268	19.0449447684117	265.552002248471	308.023186154527	13460.7883666634
261.377	-171.685719578482	-245.221943070263	-59.0817451126757	-73.1552572983654	1.44749684269862	-70.2897420420784	-24.6216480906906	-67.4910119482149	-16.6851861230388	-36.4211786680923	-35.1606184086522	-12.1989959154933	-45.0701769166273	-35.8388494868117	-26.0770059680779	-8.48400221848597	-7.08519141364596	-6.09907100621636	-6.64180548014531	-4.33824764396371	-8.24462699859698	-8.94003305397093	-13.7187185700621	-14.5168058868212	3.36980566695176	-7.46878059696912	0.696689961544715	7.08390044334912	154.889900106639	196.865377320508	29847.0763505717	7096.81799042259
274.861	256.303670290561	176.036378215599	66.9674965380832	64.3048616102921	58.2447422028427	64.9628712370257	93.026485599496	111.806470466808	92.8416562467815	69.7529898583302	90.7775810068816	55.3088751986522	61.4625766960875	24.0979911880215	33.0349120703546	33.6573227211224	20.6507962583559	18.0804819782682	17.4436213145725	6.30026717881597	15.0012690334185	17.9635348113984	7.15289957725394	17.2910551790127	10.6948238738488	19.4212033980626	25.5329374715878	102.374874646479	264.655192960436	13986.5673566912	435.103121784709	466.321368660097
288.379	180.658053175523	-99.4656585192223	-6.53575429801935	28.0763589386587	13.6106527304593	-15.5512157869427	43.1252749685621	-84.2318640758133	28.5252654306156	-5.55723026577651	8.64343546187515	26.989602231333	1.55805106305237	-2.01588477510144	7.353147962529	-0.46925961528495	2.98582728505031	-0.259497240559098	4.48006903872841	1.04979573436685	-3.12013345642178	-6.74295257576366	2.42815234889505	-3.26619948903379	5.71588964942437	16.2812591825713	30.5708604139573	223.336502909707	632.518671373096	351.357473480272	3506.3369710891	186.920433370617
301.93	-31.1388735787549	-86.8345617109237	-81.5926820136659	-12.6880239877976	0.768850978464429	2.29754026084246	-85.0070651892903	-20.2222073899863	-49.9521983860752	16.0100167576432	-44.6145997999717	-13.8848710643689	-8.97728632277459	12.2605567133881	-3.2590674039827	1.3519062455742	-11.8277129165901	-6.97754931828548	-5.16271429867901	-1.15214964464589	-3.91823860173501	-7.55455755632208	-4.95503818842197	-7.31866100290377	0.715961046088523	10.7345330725504	191.194124774536	141.727518798988	2378.49621136631	1826.22642362093	206.807509718485	132.675277325203
315.513	-17.9055607107356	100.487845009953	61.5794134915907	25.5356585501936	-7.73686906681907	-18.4959308597208	2.1933780425596	3.69989114100119	-16.2149639773732	28.1937543219361	2.08814963959875	24.2184874445608	15.0562529454391	1.29870245387743	10.385293364724	4.08122844566548	0	6.01837439373305	-0.692691573566049	1.1593964494668	3.24708060061079	-0.217202122975574	-2.0531430079049	5.52352050429115	14.8895956690577	110.603611906268	175.267187265073	11945.2843408817	128.507731850163	359.093353571625	136.296274504446	153.143571056117
329.127	-159.503181543884	32.0513432900622	-16.5475400226643	-90.3198772577615	-7.29743534230407	0	-45.9733325330464	-58.1624516365258	23.7906617799118	-45.024209195118	-16.4129021361053	20.50007555765	-7.10054877611426	4.08313195092782	-8.59248783897206	-20.4352215317483	16.6312574408181	0.525606169157727	-1.63337130517557	1.36693224239211	2.91681428600582	9.10513849658766	-5.22555689687526	6.89126869196661	35.2356063735522	199.340673117435	6078.88881924487	118.712314581211	1967.91690105663	94.2876953912278	29.1821399899705	20.5762707662919
342.773	-52.0552629287287	9.23761201226371	61.7613371985428	5.06165289310826	15.5404243417509	15.887061915355	20.8689224937358	93.8737599673227	-3.42838833693997	56.77244951125	13.2451503688363	28.5572044661071	28.6505809457068	23.3400943684211	-9.24547387787272	19.1757523387135	11.0573723325333	7.15773719372902	1.83072848267218	4.74949787872003	8.09138746558175	6.19971685030986	11.78280749028	24.1913415711639	187.112468393116	710.993190484371	108.390193797733	152.106471858168	64.0082604085537	90.1498906830619	75.9173677708183	120.386055799466
356.449	-62.9900315385649	-141.875528010982	-63.237283359052	-58.7362933657626	-25.961362448673	-37.5385942199679	-64.1029173749302	-62.0756368646016	-57.920255296795	30.5178160120524	-19.2123762278539	-63.5206241554276	13.0378934844397	-40.0640694936955	3.54990685469776	6.87190220847736	-8.19841210198609	8.14309972442594	-5.43598751393909	-4.07864462316598	-4.01684945494247	-8.46383339463888	7.9370973755148	138.936718488393	98.7814395817768	962.342246354224	63.1486859220686	708.691894278718	26.7501643200002	72.8272099070411	44.4180621299286	157.266574141946
370.155	57.3822508774207	18.6687004729927	35.4208220085219	-86.9492130532315	22.3150267156172	28.4022304169992	-4.68610361293026	-23.7142064526114	-19.0536012907638	14.3417456486125	-11.1532136510353	25.8711310388663	-15.2794917150613	7.63028483629287	9.34229443322267	-15.9856660158162	1.15584491081625	4.01816362751925	-0.554970077413026	-2.94146699519048	6.93731579269449	3.71238020427774	71.1238761945416	114.356139228299	5923.31376701224	57.6958582793384	528.797593054702	19.8865403830573	22.4395033335074	47.6362906851924	14.0900309048518	-4.19471600016125
383.891	31.4557589342567	4.38591176625644	42.7965636825137	-4.80642896694885	3.88337602735975	12.7650667331348	30.8258968587695	44.5701798080302	-17.9053521613063	64.6917720242047	22.0102568390917	14.0261707260988	31.7402534836654	7.82231147897829	23.5943391309497	9.55964762131226	6.15507041696562	2.26560744169744	4.69372748546811	0.436452944257639	1.8626412392646	16.7891606496416	128.669848947819	6956.15214705681	38.3320929962781	46.4396376489972	105.167744709876	25.0230423040606	45.4822083461888	42.409449482982	82.3878666297759	134.025449877693
397.656	-230.249902748721	-139.486354885801	-88.21755529931	-7.07686012779544	-60.3797689950261	-21.5287608328328	-62.2453620848608	-32.8119827153454	-110.726160597496	-14.2875706220563	-26.8517841585446	-33.0428262778026	-9.34670358676966	-28.7934163770235	-28.599649287049	-18.9012175683598	-20.1508786608561	-6.89403018982529	-6.29661729211942	-0.89967063783971	3.90806845229263	60.4835455538582	1203.55013976419	24.4922961795053	18.3161079312486	586.857851127216	0.880642082883863	7.55520263739374	6.94019691769497	-9.0194812775687	-27.2937908340119	-31.3415304664665
411.449	-90.2215161362967	-165.108394984065	-46.4098249827199	-30.826616602863	-24.6899260403508	-6.79555913076469	-86.5729655707235	-76.1247669089172	-17.7023240163411	-47.3536927362501	-21.9201022529163	-3.91124136617655	-8.21866359012814	-25.6299918765806	-13.770742832095	-1.52327856884498	-13.9328091270226	-4.00122068600716	0.872573679646004	-0.730237572309153	34.8649470095372	41.2233659888985	308.633580035548	18.7752853688063	95.7978516580398	17.3540969689109	11.4664650228592	15.1037443454301	21.7914514987063	18.3960108827419	0	108.822587470801
425.269	64.1450987641909	132.169830271204	2.51399248861097	8.89381637979488	22.7892488224611	11.0433413293511	-29.6842070272272	22.0908918082619	1.29085965414679	13.8944067212264	4.15589594485156	27.4371142060731	-2.39723128549861	18.0930068971138	10.8784799513354	0	12.3464301922573	2.79485340900886	3.58439860930647	13.6140400944002	43.7599098156147	2813.29100536743	27.5528296192479	23.0331003585583	254.276306785676	10.2819178811743	18.5774802607403	22.10469547207	30.1665420652666	33.6319059680422	79.3364910281307	165.681138960798
439.117	-55.4988475067066	-71.0953242574457	7.34105096892554	-2.47339297752837	16.1869512679587	-27.7685979343783	5.09883307238131	31.5368040266112	20.1035159444611	2.08065301350573	-12.1355350467109	-3.60894048514044	7.58344090463485	18.6173317365121	9.31802554583265	-0.702771982418651	-3.63320004468689	2.52608150703413	6.44105783084578	27.8502891006376	3825.56106757612	12.9595773707378	17.2731204119356	263.938346757294	16.3760793879164	11.827632092962	13.658100767614	16.1368517257088	30.320357490657	20.0052816028098	59.052790945798	136.924992088438
452.991	-113.338942150867	19.5213231548908	36.4506215861338	-33.2780151335662	10.3707473933182	-12.9127806398646	-9.80024754242023	52.3497788044023	-21.7350576762738	0	-12.4401010536254	15.9541550236624	1.68182368774884	-2.41780890878991	12.2112107443493	2.02615165935318	-4.29736455122899	-0.186741250624886	22.1809766085495	1023.75822286853	19.5171221634376	8.89608776833475	23.589417646241	49.5552305112432	8.76313694697935	13.1154129596792	10.1678916376613	16.682820518698	23.6177049748427	0	63.2996536530243	125.740424483066
466.891	-16.2002277769328	-37.9481077585596	-48.0002405602426	-17.3277239804232	-15.120014016052	-30.9585860377057	-9.52550313443141	-46.8651679125536	-32.8622429378815	-30.1244060226344	-34.7626307973191	-42.4753924114832	-30.5139279197687	-8.46009720285176	-11.8688763438904	-2.95402446190189	-4.43794600934062	9.98283357895306	86.1112379296558	57.1691406003164	1.67875846550891	2.20097588308156	229.917908090642	0.571138074259479	-0.869129321339252	1.01981838084008	6.6484563598979	11.1907214936772	19.6762250975652	3.39757548278236	26.5194325832252	2.84221773623996
480.816	60.4297870116211	-136.586539389125	-5.60932332798275	-4.53582823064885	-20.8890347483776	9.03479752625337	0	17.0872365410914	-19.585489848092	-15.2624104015605	-8.16006908389944	-20.5165763306756	15.5115227099451	-0.92273966491701	-14.369326754615	-6.76608140689881	7.17525715671716	11.0466139620087	670.941938951953	2.16237395736323	3.62541095434208	19.4448294992404	10.6282280616442	4.6720363486417	3.58327416406443	5.33909820721422	12.3470578934226	22.1944071189629	31.3132373965014	27.7929223566372	77.0552590343239	5426.54360366206
494.766	-64.1306349520626	-9.3888967152785	26.013955155381	33.1537522566051	-3.87945659639704	8.28063840910719	-6.28464995122647	19.8773195622676	-30.1993048553096	1.92340713172353	-0.747892592841829	5.3379102210909	-12.4028745989796	3.25600689241292	4.69844366747119	0.649659810735084	10.85092623569	2327.6278506646	6.82260475837955	5.1906242749559	-0.166139402184103	141.42805186063	3.15151972391102	6.0291246685987	2.75244600263241	9.92448601848978	13.6928626299514	19.2116807382438	25.6685612723687	36.9867546940459	117.578162626734	767.899562211044
508.74	-92.2953068348105	-114.932037726863	-10.1033904433733	-10.2122932033766	-11.5514958894216	26.3002498878286	-37.4264313952985	-22.3594727290273	-11.5284169194146	31.4993246168362	-6.68078994875064	1.98677464371876	-6.95799231727603	-20.3135593761466	4.27475805346223	-5.80329418315833	1737.54873250977	1.78287807908232	1.72369981439511	1.64860133676443	27.7030764819609	4.78717656240829	9.17545316630151	-0.374007539756608	1.19520648525204	6.84519690293595	9.17810338813908	22.4332662610542	35.7263115362592	49.5037813622973	374.066805674981	153.550253692791
522.737	-34.5614714696326	-18.3996072277942	-54.3048509943355	-44.8083215700618	-9.77483325191088	-21.0960508594722	-21.5532681638193	-24.670852503704	-35.281682483693	-9.42334782138494	1.46565995709306	-28.7672236446117	-19.5506065565945	-8.20396456296671	0.383651387577786	122.859093158574	13.1639086396513	-1.23207630252507	1.70168650253111	0.508608470315937	71.3034837330682	-1.82943471983401	-6.17609574895499	-5.35385098120721	1.68563220538389	2.63718131725606	10.8033690143627	22.3682394963266	16.767729650478	37.3400761457791	1959.60086159416	589.820063323204
536.756	28.521049024376	30.9300589915298	32.4163408815859	4.51941396024984	8.21583214714675	18.004204741386	-24.8444007376792	23.5736324200291	4.59167383807194	0.950448671228778	-15.5219388517909	5.27544022593715	-2.66472233786013	16.5492081274651	0.773909566854537	269.021794763899	4.34064115376085	3.72805495493845	0.367786868887871	44.3221457398144	8.37394802530389	1.69142132806392	0.622927446724901	3.35169300085121	4.93042395170876	4.48856189499308	8.78741165639094	25.6880842552854	28.284040485653	46.5231399966293	89.2266400487587	344.707632481415
550.798	-140.470336277103	-159.420414314524	-38.025340655478	-40.7646160923444	7.3400130479502	-31.2137657716626	-43.218081891713	-63.4519598884693	-47.3330196921415	-40.1703582960023	-25.9059051647631	-17.6740161854029	-23.0740818807347	-28.906647923123	1360.21568804267	-5.95674670188525	4.73773372278751	1.28101504896657	-2.02203248418771	26.4405338846019	-3.55445123618105	-4.27972695799304	1.28428273184953	-10.1732748466996	-2.80413830564755	0.514112176027814	-0.181169108975544	16.8093112006318	17.1331711186385	807.295112505431	5.34760441605448	77.3724162253796
564.86	-103.820080545672	71.9117919723567	12.994373925244	-5.97019914267505	-8.10373100131942	0	-29.5377717465278	-35.985209231335	-10.9181795282973	-32.1421799454753	-6.24904054438784	-13.2409456365724	0	1895.65222102751	9.81449918563347	-1.01779750934473	-10.5236464996996	-8.63013371128975	49.8806812519883	-1.08426068981482	-9.19671305761358	4.22502367929192	-3.73045508399282	-5.11636780305253	-0.359346106966781	1.05412323566346	12.2583378036796	21.0097345483276	40.9843487900731	228.271147450906	211.616768918999	-8.81347447606505
578.943	83.141284853702	118.339926991583	47.6555080750099	46.9340716961094	10.1786861737007	28.6275211945829	137.491568471577	87.3305794185079	48.9393448473553	29.091706910294	16.9679147117214	14.4172098400835	674.058859941877	1.00504895660045	10.5750573835835	7.72055697522369	4.1867663566457	9.70321198733298	21.0405516223613	1.12155231202486	4.1282921645399	3.19370812144744	14.3001062985361	0.610654393987589	7.6199588787715	6.5422699350249	16.1381132182966	35.4066129307546	60.2440311585727	69.6257806596342	158.783959732339	267.420311869098
593.046	-162.679663624232	-69.0340244999156	-6.23718240995298	-40.348236534898	-25.0608965574388	-8.21951552344448	-6.93140033163352	8.76915408018864	-42.2743976278716	21.2134405800804	-14.8474416416291	-11.0385601118918	2.37899975823112	-20.0074514828498	4.31829858565627	-6.09038597717674	1.42471309142673	49.7266475037467	-0.410439044498841	-2.40441137406437	-7.32946920724871	-7.20710511326581	0.695168228270324	-0.207799345686058	-0.569193549467097	-1.29865545010604	0.588389170299606	12.4639681159417	528.12981297167	14.8338342840805	57.8919983148183	68.2502652605447
607.168	137.923457254748	46.0527589429066	-3.84077441530437	31.0573878556515	3.76394355249194	22.4954174309833	26.6766539221784	29.999605966403	78.8848933456433	38.1002885462725	49.9470954140554	305.127701278977	15.2599643638246	12.6362296832488	6.20468599693189	12.5012637133189	16.9615098292997	6.70978343816783	-1.68495289223071	1.76262466164607	6.01785356670888	-0.176112697806839	6.42113097705584	3.19900220151657	4.86808135838568	7.80654492564754	8.45418623397372	30.7005867113893	33.0625589020265	137.017183692382	83.1812956314526	181.482863320208
621.308	22.4659317480609	0	-38.3013595228473	26.699450680819	-9.70737388271933	-13.5372203137031	3.66934661232881	3.09481146450594	-46.1147815717889	15.721967805316	1339.68357306489	-3.89573065697414	11.9642576847992	-15.2083797228045	1.82881767356442	-7.9654981467435	36.8056923833104	-0.839021715396287	2.4624877872217	1.57590699059402	-8.14816048849413	-4.36034204045002	-2.94406678172771	2.42010724390909	2.61143859281854	-1.96423594014678	2.49185296531387	140.145319121303	18.2597902559383	45.8076457398389	58.8420133954279	95.2527255628061
635.466	-72.8076137028818	-3.74008057669265	-60.8245237283086	-25.9582818070656	-5.96077897749737	-25.7291133732178	-18.7762454365204	-12.6690543634287	-5.55227849419349	791.859443267316	20.5567625769901	-22.3268246425811	1.28887904945012	-4.44697731988925	11.6976989112029	5.82284080319771	-0.926246174845806	1.93199381079557	-1.92716334896837	-1.48873873115018	3.37527542039819	2.04527642764211	-1.0043299496336	-4.27804687422375	1.64466126505932	-6.23168307670295	2.12515777383229	199.608267651302	6.69920900589595	29.4674543817247	15.054888543091	-33.6147143388819
649.641	237.389334416292	69.5088686961952	26.5159114729811	1.41061695047376	29.4046301407324	34.7389866669686	104.686159981778	44.1473595051149	107.487823709002	23.7326169805691	43.3722046321466	19.7590894820532	25.284392389598	6.31327008263817	12.0777822383686	42.8858667144767	9.56341899704373	2.65969124466781	8.87748454902202	3.58659243976206	0.819987143103261	6.33519553662107	2.07392556762242	1.62733413420341	3.60846215378443	6.6417174975456	24.3557166587991	12.828582606299	32.0360789164473	18.6698343132692	62.1762166479513	173.5346425275
663.832	-127.542781780841	0	17.4147981169855	-5.86750310683793	-6.39991216639658	-27.6245883850885	-34.2711493758669	-93.5164252542223	1.49032931854865	29.6149575871994	15.3538700856982	11.1296953665445	-6.22724099203844	-14.9205877498822	-14.5689892548267	10.8364741794263	-8.28735945678193	9.91066215966858	-0.31832897138644	0.666006151352197	-4.47662365349709	5.78933020068567	-5.12201703300985	-9.66992095712351	-6.18038462398373	1.29498849461202	193.717949431134	1.74002838308288	24.2281857929453	14.3810611851451	-9.42899343918016	50.5275750218725
678.038	-118.201646184273	-74.1644467530725	-56.5837983392394	-57.1937056614551	-30.6444687698122	-32.7050656215181	-39.3010951094507	352.409720996261	-70.3414601847855	-105.087066323102	-6.89234838459095	-33.3806526875633	-1.41988921946678	-7.34849615068756	10.3093841636554	-14.1123680694864	-8.84343154069215	-2.36486045347832	-6.53247060398155	-4.1001598944925	1.7498167918309	-3.07250702391798	-15.4898334054934	-13.1464987633939	-2.49127379429191	9.07966486432866	-2.10705554769943	-8.33171519508415	-4.66115419424326	-11.8046257664655	-5.52838891327798	11.1094607036084
692.258	95.4209544731491	110.065747185888	36.7176877560802	105.154807828859	11.2447459441065	3.36024239458323	1068.9924010503	46.6042410736812	6.28447670821155	32.5212152873428	22.2560169896058	25.2711404122401	26.9886879642611	20.1336625444964	31.7767560502621	14.9389630823217	8.38714775273037	-4.85949451685113	0.335585394001246	2.52759580332023	-0.898914045106706	4.20908021972438	2.55774244942373	4.84220774692997	8.60966157152802	47.0990220252504	6.25406521245575	14.6748342249089	25.1424940069904	28.8052347846691	-2.84003814808403	235.895140189426
706.493	-27.0069032774397	-61.5048462191987	1.58769305733837	-57.7730352932191	7.0016977831647	373.127147127721	-48.5212272422356	-26.0424950875792	75.0014093740543	1.34998586370939	4.1993997474875	-52.4514259613431	28.7651145479533	11.7529739921561	-11.5419733543	7.75162797631514	5.80263826909461	-1.76506866025426	0.522392306798283	-0.437178542978876	-4.43112742220219	-8.29933446268738	4.42392773356185	3.17375593766894	-1.93186514331344	74.1435976142711	9.23619821525521	15.5464240557799	4.55578220696136	25.1733065333689	42.736075602712	102.660438605024
720.74	112.039130024114	154.915604436773	32.9330147670266	54.9251904941265	29.8536559436672	49.4277247369882	32.0237420785378	50.1606147864729	65.9494453362857	21.0017472423246	-11.9771877964049	58.2848214590512	45.5350116757667	31.82790663858	8.55041077099026	2.36455245027063	7.14651095399535	6.79941985903776	-0.361193944771036	2.11592644679084	9.91698010879457	6.11587192426903	0.917641333154744	3.56591166144109	8.76576475593933	9.30598935071458	7.76690016445324	14.4784494325305	10.7385396523295	-5.71114614196599	42.7946639061426	221.135503619868
735	-72.437550076722	136.687328351017	0	24.1045859514073	93.4819644706496	27.4361678933562	-7.09870790920641	67.8550895673884	-24.489988672008	-42.0026000081711	4.50542924341732	5.02444657474478	-4.0607052908397	25.9194600353088	19.459141150947	-15.1654272392816	1.55637577502552	-1.0821127421919	-1.12092285426905	3.75230196803257	2.00170272642996	3.28047446706053	8.22695399472221	2.55378155323237	88.8648261179191	2.02666958482732	14.730014211538	1.36158066863245	3.11040731604022	14.3478941179756	55.3367490277817	101.669330793476
749.271	257.965621408113	271.526429147088	121.323121554266	620.367795217746	55.9511404566186	77.0676194589984	116.486359179787	62.7110290583041	139.249390354735	89.5054231140948	63.7072859513248	57.8895374528662	56.9935135559261	33.7521326447582	37.0578432917714	18.4465272730843	28.5280227859791	17.5680423953073	14.8715839667502	5.56781271056466	11.7934608347379	11.5352137299686	26.1825519361844	24.6682584654226	13.5682845019499	19.6355849813261	10.0986225176574	19.2529067300523	34.4405522032697	53.9247621682767	91.0809282378201	199.668887721629
763.552	130.452492279915	366.056389888043	837.848666835377	100.772870222789	68.580605025072	116.505789669757	167.79045271227	208.908015748096	102.384104633739	40.7555567030376	103.958182737474	57.6842232425281	46.6197872809128	57.5593300502102	39.8226010806274	41.8480467940933	28.4666572414636	27.1001173074196	13.0372143976063	6.68711482408405	16.0528849762375	11.0771123618399	17.4514069214432	37.6870277920663	16.621846813091	20.5302436615869	19.2925260265601	16.4748126865627	31.5085500681302	42.7484527089865	110.333128007993	295.623569937835
777.843	-148.636178783745	16.7390266613596	30.2472189353799	14.2675160422805	-21.7375792171632	-8.85789872696533	61.6253532812184	9.45022593386559	2.07080515690799	6.85830598310389	14.6672115735864	61.8586248636641	-6.72989357258011	-12.4392493680432	0	-2.89562054586567	-11.9758544276949	-4.80377290235443	-2.2115825923032	5.55247335842123	9.18226826611401	-8.59902099460811	-6.74243727868499	45.68344363981	3.68040583621306	5.69803684423497	-6.65791828128529	2.01480063500514	8.41623583762946	-2.99736192129093	89.8391270951155	120.356251796074
792.144	293.025552929255	58.3669738047142	75.9372598602951	-14.924734011335	-24.8060702294949	-13.8988926321371	2.93018453231664	12.3569256897976	-15.1633621754448	-14.348453124264	-41.8441120709033	-1.24438609040453	0	30.3619170751198	7.302081031948	15.1450211503999	18.3094368724934	6.36506789041951	-7.40306174364982	1.9360807149585	-0.929539325689612	8.41479506707065	17.2407167507419	7.7303798870603	11.2289911448517	-7.52906634697317	0	10.9595734860848	9.90441090034047	0	17.6207758203807	157.375418339686
806.452	145.828364331715	-321.392777908817	-44.8009354233339	-23.4805081943483	-20.326267304652	-69.2442065162287	-59.9293015411111	19.4406744331848	-23.8559326781968	-46.5586021493444	-42.7906226102867	-24.4718078145358	-5.53780071842137	-20.471671162123	-25.2737811895148	-17.1554957648112	-12.507664610141	-5.79753016243751	-1.45586892706947	-10.965459927709	-6.8245723356826	-4.33680648229125	21.2678029469554	-0.829221028841158	-2.27136066834364	0.493549566560756	-4.69592116899115	-6.96322608841268	-4.3283965382754	-39.4628362474508	-75.4656806078591	-119.66979234618
820.768	51.7455486338345	-13.7739761960921	23.2301146639509	-35.2207622915225	-24.3915207655824	-47.3776149847881	2.30497313619658	-3.88813488663696	-51.1198557389931	5.64346692719326	-21.9439090309163	-14.6830846887215	-30.0623467571446	6.82389038737432	-2.29761647177407	-0.476541549022533	-8.3384430734273	-0.790572294877842	-3.82165593355735	-0.761490272757569	-3.89975562039006	-1.14126486376085	4.31520639503443	-7.1865822499567	-10.3473097113433	-12.5855139472993	-1.04353803755359	-4.97373292029477	6.05975515358555	10.6878514836846	-50.823825715497	-24.7592673819683
