Wavelength	800	782	764	746	728	710	692	674	656	638	620	602	584	566	548	530	512	494	476	458	440	422	404	386	368	350	332	314	296	278	260	242
247.926	-151.083596671667	-170.623419801209	-33.2876508692483	-28.6141573520576	-9.79026638749327	-1.2191113747397	-69.388995244608	7.80867138628948	-53.0565589928953	9.91405113593689	-41.8536132048389	-16.7072265707603	-32.5575974236573	2.73866137803871	-19.0183561724011	-13.871532682746	-0.380477098979663	-2.38291901369921	0	-3.36570750682203	-1.71532333623841	-4.81964377493119	-3.41252132509816	2.78195783299153	-2.28457121823142	-4.47410913508137	0.525749391818625	-0.668513974031193	8.71854269328965	242.842142867007	232.465910594947	13253.1179944833
261.377	138.691958874567	28.7345872869828	50.3734939255222	29.9662253329604	23.9660912342208	47.7491962327191	32.9427107066897	57.3457320122359	48.7525538010276	-1.26073299835326	30.3935241111197	34.1185097432492	38.170887477069	8.53250177147958	18.9815103588521	-4.25790980058555	27.7723339961341	5.18512773362824	5.04627565841952	10.2137437915089	4.36262573833657	12.8708195212045	1.65692917412297	10.1532342298915	3.84132558267252	3.31890890955518	16.8481137232857	14.8771761098352	171.904654046824	219.120439841225	29679.6781177929	7227.59796539003
274.861	-209.604579961307	13.9585056819721	-30.2277910861579	-42.4573420990129	-24.6953549265166	-39.3617244263562	-88.6816358398074	-68.9391547837289	41.4447365044813	-72.879275309563	-31.1163140376461	-8.92439337327588	-17.6267371219148	-26.250809313453	-11.629734150035	-2.41311050719969	-15.7395797736988	-13.89155528207	-1.10706029867581	-5.24823607779494	-6.42838766040823	-5.09447084427155	2.81712393194331	-7.57870603574384	1.53671806550506	1.25396330393297	12.200773639777	70.8240150739215	238.83308434714	13647.6333141464	356.519770707918	200.832172415276
288.379	-74.3874595986809	-18.1639090048203	-34.4179385539786	21.5470490364105	-26.5118241670179	-19.2077181391059	-11.3881127050667	-73.0488124535255	-30.3362782777839	-39.0502262101396	-54.2290219998245	-47.420259789899	-28.9322776504556	-14.1582653879263	-4.54005831994563	-18.3697593366724	-12.7385456180623	-5.73590384072278	-1.08044566084717	-6.17660680138111	-5.54993887628847	-0.451999598690621	2.74939796140969	-1.09577892221677	1.74973645287505	-4.650504589879	21.226336447962	226.783850135376	616.425719628454	256.270426834721	3294.83042095337	24.5005002780949
301.93	-53.5763508877644	-148.265594308137	-53.5126695283213	-33.4253437215624	20.0590868296634	-42.6549713890595	-56.8679063692392	-3.69208506527033	4.85537959222913	-46.8754776895691	-1.04153509265762	-23.2337866503497	-27.7839995745828	20.7182405763787	-35.4239462971285	6.78488136172419	-7.91545255196851	-2.0030016527922	-0.34585480553372	-1.01268943247294	1.39034876014271	-2.82139274555079	-5.57392136195561	0.263072281039618	-3.84066760114965	8.22671894031886	185.195147711998	143.18688581156	2325.7955338925	1708.58849337459	32.2415004774977	145.090028332875
315.513	215.653344279781	241.349959922536	42.7626430147437	16.0169442163117	34.9360177802939	29.0022048283067	22.0098441604014	55.7296138009849	65.1455869030413	47.1703156381655	34.5868430399805	13.0927567700493	18.8910511570127	22.1515890685471	4.9357047135547	1.36551139817506	9.41346458179173	3.77925029419218	0.8700754182198	0.72789932768458	4.43046367673066	0.218395290453141	5.01856130333705	11.9127130319859	20.7734326488159	101.706836757113	178.105118342179	11677.1312636143	116.564913611441	304.432745363332	82.5854742582106	19.7300834262622
329.127	155.3786697344	-73.5812265932661	54.7743477077749	30.2144481935459	21.9678295072142	-6.07887915759073	16.1464668987043	-17.5214396526539	34.1363831455496	2.82483595680633	-2.19679472884465	31.3628514860566	15.8383016495715	-19.1181779465374	33.9094831782504	8.1093397357381	5.31210535278722	-0.792133080249845	-2.55315645804301	3.50906690701151	-1.71063013490707	-4.11982029780104	11.4470751841146	16.3686430047604	53.4139590745633	197.313708160478	5964.82315838841	114.336458619974	1926.74294295136	81.0014203377911	69.5489620413573	95.1150525772626
342.773	-94.9924263608446	-157.727523235022	-28.4638552382382	-62.6506256315509	-13.9525578765926	-35.5658366754575	4.65362076182734	-3.92770443902064	68.8698324131822	-47.0174101166928	8.86402546963545	-13.8412440112311	19.9710155229499	-26.1730051718259	-20.2917138567881	-0.481191669414606	-20.6687365624139	-10.3877868268997	-2.39152140351286	0.923414286574762	-1.23256436865608	4.84849094367912	3.74503243487379	13.433322118068	176.964875452776	697.887714800728	96.7880003080157	146.944582605753	39.468267301548	47.5250891590823	23.3857296279083	75.0888490407452
356.449	-43.7681317285154	-14.2497201601229	3.42871439305936	67.6152735545669	13.4456378058584	-7.53429805016481	21.4417395492668	-22.1186187678184	-17.6289135920198	-2.91763710184755	32.8999713995305	17.2088767802446	0.81793097421641	-5.64178452933236	22.5574911674427	18.2295663788133	0.391901282137696	-1.09087484482964	-0.565078376437054	5.8304701647398	9.59134947340794	5.6735521342856	1.59772067779527	147.859218800683	121.580327045459	986.976048337922	62.0058161651102	720.26172541788	37.2683493605712	40.1238369380725	23.9445918452865	247.735046874016
370.155	-14.3980810672101	89.0648913035495	65.9832620566672	20.5319079621784	-7.46400282874097	21.0672732311538	-35.2676584606436	-29.7662714215974	-36.5353022188531	23.0350479354267	-29.109767104216	11.988164950433	7.26485623773816	-22.2712373982744	7.61585053188881	-1.45869243065328	-3.09410132407506	3.22971382299694	3.90368341053307	-3.57682382479898	-3.73641612922941	1.39979010427922	61.8094363579154	128.387404416036	5813.78118823748	50.7862503099395	505.040970128522	17.3287283363672	17.2820211778604	29.4876731157566	33.0828818996023	75.8751953287503
383.891	148.834322091354	26.4307803575429	49.2874855859345	0	-0.779354558414912	-4.65827573394377	4.41897105613384	-5.59448646163377	-4.90479045753511	12.1763589182577	41.0332375004029	10.3268993230658	12.1369703737163	20.9290801564879	-4.95476844630776	-2.28464261316483	3.27109267208879	7.08184833389339	1.22281041302371	3.65355387954593	3.51124417867755	13.5928070496678	121.503380919238	6780.86274290121	45.3446041886922	33.0043121310705	98.1855003932493	15.0072172357659	18.3226546710685	28.5023555928545	62.1783401346212	190.140376010736
397.656	187.264883930304	-62.2655820177625	39.3280428668805	52.5563159556479	-4.13100446423698	1.02880847816058	46.8459161831306	24.7115260298709	33.2197510477969	-1.19521013102645	23.2370246967286	2.48810008841136	-1.34026179780171	-0.577789302708035	2.43175709736906	6.45858805923721	10.2747118476468	1.11719228669381	0.617291666066689	0.258211058091131	4.54948029111803	68.7567198315023	1202.45902245453	44.1366679360748	34.4888901323787	594.463323738715	13.9759225049451	28.4900373783711	13.9794038258033	31.4745914113703	83.702637282481	-3.49947137190452
411.449	64.1408670772405	143.7209547868	58.5227057413567	12.1057894897397	5.86778700170855	22.4073133715522	1.84836575087391	18.7204795651387	-5.47086434481893	36.2177662470233	5.28103661583545	-16.4927586642033	7.61497192666917	6.56565654093559	0.460550867980088	-7.26270862649684	7.29723498822924	5.07804544683341	1.60749830956911	-0.122256584605621	30.7444109759095	42.733664398323	319.561296647032	25.5662453168378	107.714775652479	26.020996991822	7.77264935318392	12.5544277172899	14.9796245031004	8.61030145758512	61.9236560314376	53.0212356997593
425.269	7.15332562052588	62.8810935169224	7.56510682210208	17.85133654356	4.32635313137592	70.1887709926879	14.0174815610404	44.3658771596774	-23.3378343937663	15.0207567320272	1.66874515479987	19.3570624459492	8.421843950034	4.1493397367907	-10.9146473323458	2.53650167739916	4.89991002405673	2.40690351677753	3.18623474776487	10.778226388918	40.282679608507	2831.35333986955	17.1560068606179	15.384524061287	257.10129325815	7.53190306354318	11.7492855061459	29.8794888514124	27.7398335778077	1.88359857463537	105.662574571921	97.3831122667936
439.117	-69.6275323222569	-176.816965504794	-24.5452137798119	-18.6168830233464	3.00792455018614	-7.1914595432218	-35.8156065219089	-28.7892812360993	-83.2923265468227	-7.31029370355364	-27.6128954173518	-4.34800827975489	-6.44087466891455	-17.669736023488	-12.7486430826797	-2.11622272209965	-4.76937108241243	-9.1758921900546	3.64071519694546	25.7200737031512	3750.56082063161	13.8769226999062	0	254.774413210242	11.6047971208143	4.21546585182128	8.14107479729159	16.0205536982709	10.2860244525291	22.0010094764185	18.2840192822549	-116.192624582439
452.991	-3.34570205986023	-117.641172940406	-9.43545974575068	-39.3609803376152	-15.0316459436762	12.9584951193227	13.1123115095599	11.0669276156695	-6.06411345078531	-22.079829856352	-6.24394794586215	9.05354615934484	3.3762894326999	-2.9110490506554	3.67554270555499	-9.15187632805093	-2.96579503482701	-0.562869809173833	18.0125001952965	993.587426188896	16.8437822085491	11.7097620219186	16.0481685127947	43.3703723578139	10.2531420526208	11.0967178810477	6.70611831112462	9.47458971529639	5.86931517035441	22.9055629648165	83.4644500359947	120.480032962572
466.891	-35.7709791024544	3.17619914058169	8.02457421301621	34.7795613378274	-8.42898590447969	5.0380844092899	19.1170728866776	8.06750441011448	-22.3976159219754	26.338296628077	-9.10335358450267	-9.47663780338835	19.1428828747318	-7.54517182318811	0.79388909789051	13.8371467750076	-3.93088724332214	12.2183449366882	83.7590460186375	63.4338378232002	9.28285253103087	1.58076186852008	235.04238197019	7.28123327767032	8.74184298480707	6.84801756122106	10.1392916638505	19.3388473754063	25.2210982913014	22.8342753193923	106.742856962774	202.787157814188
480.816	-6.38431760757448	146.538562850554	33.7591543078515	15.9322542072969	12.1353720462429	27.2003489209549	-1.56381903836467	77.8728947408861	50.9151719358714	-6.70298590967291	33.5103547481325	5.31572590946573	16.1067121995571	5.55490637782274	4.28616488190352	11.9658988529996	6.68835045931961	16.1111460428311	685.7033770181	9.51609282539516	7.95254884482304	19.2413031713184	26.4283704526949	8.84027047377095	6.86498092476293	9.41107527564542	8.17567778220515	21.2434720463616	35.662881051289	39.2257835889107	84.8731239116188	5293.34786619627
494.766	61.1471431302844	-15.716728680023	21.5556928430425	-1.14732715627048	5.56119977137973	2.49298618327067	6.3064443677821	15.9681143815733	27.9990864508046	2.89620702589992	-10.5107239211937	20.0970322292773	2.70641087466141	15.8676457566766	-7.46393538392799	-5.86886595157493	21.7852747278913	2351.61608602621	3.73951913115988	5.00553106902697	6.34726727212586	133.287822708004	4.6522238464623	0	4.84479557066004	2.88030330768643	8.78011282704246	24.1513600701619	27.3373846573095	40.1116030009405	135.217598920274	822.544715093329
508.74	-92.6331950811313	-62.3976484785874	-42.7895833832834	-34.1628900856604	-17.1110344605927	-51.961926246647	-37.5562217960926	-60.7541985773204	-27.7900889817411	-36.4114538978183	15.6484008975993	-23.2715223543266	-42.9793445783405	-15.7492026850082	-4.67887660709612	-4.85421513373136	1676.27096566753	-0.537389698738334	5.93856915075856	0.103503491424578	33.3230943475625	5.12402092586175	-5.87681513488126	-4.32892127887616	2.7477896516078	-0.168164909396239	5.15760514565552	4.97513058327846	18.5804300490465	10.0932318741797	379.557778921563	36.47169568594
522.737	85.143270744695	98.5612323621018	-12.2282713083653	24.732837781767	3.81443774642458	15.4709225830412	-32.4420184912183	70.4093189885125	46.8684371090127	21.7570584859924	6.62080958593253	32.1640515443506	4.24304568265334	10.0605159805184	10.7779532761792	126.514663886347	17.7887646838963	6.8968472706029	4.03062542132435	3.1676312072352	73.6511781490867	2.14606518781354	13.261171492863	6.68917059973819	8.13809316950559	3.32034562084545	7.37424058281865	19.869627681004	31.4453828693382	71.4110427912235	1979.13369716802	700.730536541841
536.756	25.4448560704985	52.8115014115171	20.1821919402764	23.8118977685823	15.9387381416091	13.140323009523	0	53.9192306777528	1.15297545320617	-36.2559580897914	-2.96791887680788	25.1583243779839	-1.06989501169877	17.065646480698	18.6355815013854	290.653571609715	6.15151997009275	10.7018953156991	10.8408820263077	42.6674518055711	5.61267051187887	8.50356449468725	-4.59777849442278	8.80827927335987	3.07806205895563	10.8840392664073	14.6983826913133	32.6506003647706	46.1058709368759	63.6508140552619	120.062817878262	318.462881386135
550.798	45.9019597833648	291.416519044984	26.5837867158539	35.066235903601	9.63159117088181	46.5631045368428	48.1866189397178	65.0720140028282	41.5988463347119	19.6706615489019	35.9486903738892	37.5365182066289	39.1527883345407	12.3619661368671	1427.57193590202	22.2554874071891	17.1742481606412	12.8706555862334	11.6832307505515	30.7034649350086	2.21221414086228	9.72212803687043	8.61744531084869	14.1029270302129	7.57995282946558	10.5293062881221	20.4457319013562	33.4255715426502	32.6944107224383	781.037955626986	115.156286147709	351.323321762588
564.86	104.200160380189	-3.28304076302632	0	9.58652884897304	-13.3592001232266	-39.0566737581123	-105.387396325053	-13.8981345637802	-48.7390134936968	12.0996753430992	20.3874103647973	0.69967248876283	-9.0454011431067	1858.5939024989	14.3603967197534	-4.08645813939816	3.52136651986295	2.26197278853394	52.0761200444956	3.48532294787658	5.93152315284425	4.08483963165375	4.19638809869707	0.396113729478387	3.07220696863044	4.77790146899344	6.92452303383046	18.3235904447922	53.3803856042267	198.25998564234	250.457032631067	118.089325531822
578.943	-52.1535379429777	-149.422078734964	8.57978433570788	-22.3115490727269	-12.6170474636018	13.4666577158342	-18.7364456935734	-28.75228272917	-63.0191541839932	-32.3325522236525	-8.92210282800639	-23.1595756940308	667.235762791966	10.5882166712814	-4.24408639359449	4.22700612250137	-1.12076276033799	2.5347510096919	4.84804844879573	-1.4646107657685	-2.34593777040098	-3.71829211464333	2.96996424141001	-6.35093131759283	-0.747734402003359	-2.56263812695384	2.12944608006938	15.9999649047488	52.648127581354	17.089904928457	98.1503035941604	116.043299783723
593.046	28.3956913539779	79.7369973601744	-12.5126205730501	-34.1657475143324	-10.4269503959514	9.16512740915552	5.2165782010352	-20.5466164716885	-7.72011482806091	-36.2015491104147	0	33.2478125925718	7.76080850760983	7.20612024718914	2.1663277566835	7.9112344611497	-3.71849324751542	47.7719685967505	-1.09982701118994	0.230026996870132	1.65800405644895	4.31350968489329	1.16613227765118	6.27432370361802	0.190834686133133	5.23223477555433	3.16201473377774	15.5799947475065	516.493950711431	53.5858360081402	67.5757903207115	87.2899909684991
607.168	105.642716968004	67.602809730606	14.1260280650555	1.29869230462058	25.1795220154135	43.2688589550784	49.969108703097	-7.53115155273171	47.5394458041059	32.7829926849354	11.8973879401732	341.984332675966	34.3107922764436	4.2261271592679	18.2312783092579	5.90501032983346	19.3752218781992	14.5043860122659	5.2205375367969	0.472158605354818	8.69721117433954	5.13532425295745	5.50534769372099	9.01517290938792	8.81351063522492	13.808318385705	12.575194189407	31.9798488503991	33.9710917388521	115.746865389584	77.724081925666	153.577204755133
621.308	90.1927133531166	99.1045414357456	37.0940332978051	76.3659518559261	62.3415175450118	32.0221285986492	47.866929094307	80.800374378668	43.5933494313444	40.5834056817049	1354.47413930476	41.4595118596905	45.5086405711483	32.1531281552069	34.8630599676439	10.2797627066345	50.8780757189764	12.2232766340837	8.87895756264495	0.608858774075937	17.1641974636432	11.326095234074	14.8158582143873	17.7146837675916	14.547473076539	15.2341303582383	14.4374584725199	130.633589462042	38.1680051418524	79.8242194319809	102.385624391376	217.845254344662
635.466	49.9981084701837	116.45053749451	-8.13480764150088	32.9068390305475	33.2296795014237	30.7856241289851	0	23.8534554122891	78.074335891425	798.366112304478	78.0569356513994	51.2363637478786	25.8744644066197	22.3090574870754	8.45034474729639	22.5994219318085	2.78942003839793	5.82335709956207	4.76685712249438	1.74471546904231	3.99227856603115	-1.86955622613192	8.33949041980569	0	9.30502599728891	-1.21486551420559	14.3471775023992	184.609086550112	16.689935035905	66.1645551962486	61.8595821634922	148.630129371928
649.641	79.4194680794987	65.9349196389495	34.9963541230355	21.2350330063298	8.2342519344815	48.1915486799483	46.6885329334485	75.527416376522	156.903823191654	58.3685408133999	-12.0426580209356	-12.3987054138714	14.0254701570066	10.9411151416024	9.69434952518203	48.2766737011528	6.08011458745669	6.68063384646724	1.84565345043307	-3.08812288584752	4.12199625938846	8.10726889473336	4.435690665311	6.7854426230871	11.1018454439961	7.10792156915157	17.0242955450492	12.9320676392734	25.6650186714291	33.4601062070697	53.441853863461	142.996297352426
663.832	-28.9054182002029	-8.06641931725465	14.5568374515808	-5.88851670406104	13.5575353075825	17.0599300620312	-40.4588207469417	32.4402831858087	-13.4720527970378	-14.8644293453907	-11.5596447130175	-1.71909278211508	-1.38903237462803	3.59288632336571	9.57693451821573	-1.67340215235953	0.665537295575586	10.189041473494	4.79815646928686	2.14085647901817	-0.214319573522539	3.81384577365667	-1.35664610891914	0.486625002540158	-6.43834240864406	4.56527815406018	209.450325992264	8.477979701148	19.0632870579237	31.1701413754057	63.7059145976783	145.072523521364
678.038	148.292970214289	-57.9362173475732	-5.97445543993232	-25.6782926380981	-11.7143562752238	-44.855161324774	-122.463463716111	383.659938719855	-55.2923527435401	-29.2325117888095	-35.5825479619576	-6.17360250862591	-10.6891933787669	-5.52975688686412	26.8935146679206	-4.72176446642969	-5.4630312789508	-3.32644227740251	-2.62569596497664	-2.33392983017626	0	-1.44171317879902	-17.2607459776958	-1.99721910978501	-4.78373010730101	-5.13035109740561	6.60529163932552	2.39969288581501	-8.21520453307855	-21.5694771038812	-25.033738120028	37.2131537078304
692.258	217.659739887455	131.807273591969	58.3146285405108	41.9021752241338	39.1162642416231	52.8301697510809	1059.90391846848	7.19975820644513	94.6824313269129	40.4814046245082	15.2328576497328	27.1842565616082	22.6971302916361	39.1390968725294	30.8196565726647	16.7591046541397	10.875042934595	11.4737503439236	5.22687037548826	2.11585408567971	8.13375752618961	4.02059206561768	10.8694370141446	12.0556093235265	11.9363936394418	50.1902025087697	15.0273097229706	25.2717380505109	30.1450446236294	48.1435100186303	38.5809169897216	217.934965666191
706.493	-103.905467478102	114.723792168148	-22.2958696010999	-1.61055391390498	5.46455159384733	317.289364860127	-42.0500167439293	-61.6416596430423	14.7388338700916	40.6553399834509	6.32330074670987	-1.88073958026938	0.75982174796416	25.5497221030828	-20.4034678779859	12.8152685304445	2.91247185016836	-6.33359092589278	0.699910470452569	2.48854695628324	3.04813737587028	-0.219603305766346	0	-8.7843111535544	0.485775284989951	78.0101548473205	15.5949397311488	26.5461665252997	8.75944168145491	-6.34438677295782	37.0724470313723	123.003144956426
720.74	163.988561573829	73.2209022807304	47.8993175108108	41.7590128524614	40.4819517186436	30.2455556520346	55.0882227378488	75.5544307531618	-54.350749836434	14.0550142426777	9.83716700963845	20.4810826903363	36.2497068811967	31.2546293516844	1.14384507798314	28.4810422045437	18.5013226514956	4.20402152724218	5.44425804293668	2.42913610243313	4.37722263723525	7.51601712253809	-13.5460770250362	15.4602582942191	11.335818425418	3.70001515426959	5.73917727309719	10.6147225723539	26.8215435755929	55.1073356684093	32.2972456643422	49.3822319913441
735	111.47753485647	127.818249669561	23.9206717503651	43.198058878231	105.530013002603	45.054488950869	9.49776717557324	94.1905205462451	35.139822686384	52.3416970071792	26.0057497769957	54.4805375935526	40.7596719639559	6.32576478212265	40.2309356504543	15.2223018356842	23.0447879867093	8.1541784509844	5.25641306776369	9.26611926877047	12.0748397876472	4.47652928743272	8.91729027292003	15.421850420565	96.6781396922359	6.88953667292243	15.9218298566363	15.7844883725515	11.6353495408417	32.3319736704743	77.9572086884629	306.503878236404
749.271	-20.3066682298692	24.7923827422223	62.6372297286213	521.237763631315	-7.8952723839999	31.460525347252	87.0459829652111	4.19815526372598	-25.764206263773	50.2548984610906	15.3958636937811	-2.11347337882228	14.5153916655605	-0.736189622472994	9.9149462605418	9.77217864846187	4.90931741944182	5.69387743190155	1.17978227478624	3.61899278044562	7.11415077978785	-6.90979276142942	-4.33648038682643	8.07654565652923	11.1907036176507	2.13813636851698	15.2634914755321	1.43764557124591	-23.905367488893	14.2589571573519	-24.9960060533364	53.506172497055
763.552	-70.9204556493024	26.6420568517266	703.874230738584	36.9527248956761	20.7394278845514	5.63461442708393	26.7257666654674	-9.02273027739949	35.5967804213084	44.1852897179711	19.089803016513	0	0.917549114129707	25.3156540597273	-16.6479159081405	-23.7659804381198	-1.75852821613086	9.17801696340019	-1.90170263772095	0.353544849220666	-1.13257970609316	1.32594795559451	-0.716924649511995	35.359332364375	-2.93307399796656	6.03134527679437	-3.03745331389876	5.02093587292622	3.02221934726304	5.74603827689293	37.605220513434	-76.6641111455645
777.843	-11.4754098452461	184.936115426914	66.7479550793449	0	25.7784905478885	-17.7785158165652	-98.3803269547527	7.11720185210461	-20.7992779843458	-34.4234174284221	84.3258606171862	45.3847461281955	7.72021423370525	-14.976892893422	-4.20224297674117	16.2762876264367	0	6.43528287358922	3.55574106083769	3.7183867533285	0	1.39455781198734	3.77010600742229	27.0465205830312	-0.308484299081499	4.22895415417481	17.2509658766686	2.03105353811604	4.76790161614061	1.00722688413343	80.9855144494069	85.6704579251376
792.144	270.090279193371	334.149547376652	50.7800936136771	-25.6768881352599	4.14860758901351	37.1949285204569	49.9858830682101	32.2618755086076	78.326548661123	52.2131885935094	54.6063401624892	12.493512169219	51.4834653415078	19.1482958987235	13.9200803111897	2.43229107492134	17.8961391933228	5.72195974111321	10.2287143620188	5.44553840432624	6.23027268280725	9.91981712517437	18.5357280963466	-1.7682743637611	9.68082901779287	18.3269909431663	10.6936967661071	-2.12461186161159	-1.1083399863989	24.2333455714937	21.6715415695828	121.246227104394
806.452	269.117656571407	-4.61144377841106	14.9794428911617	-6.73274290636648	17.9488217104043	49.9835663643279	50.8852631793792	3.90433569314474	83.8635932468345	11.3303441553564	18.7239848547963	14.741670503612	19.0581058089701	34.2332672254839	-6.33945205746702	28.6997227918882	1.52190839591865	6.8839882617977	-4.38884772594068	5.04856126023305	4.65587762693281	3.21309584995413	44.0525480149036	-3.61654518288899	4.56914243646283	2.48561618615632	7.36049148546075	3.00831288314037	6.10297988530276	47.2423281345372	85.2375005514807	203.192359740201
820.768	-51.9349863558856	-129.12042579551	41.6095635865603	-10.0991143595497	4.07927766145553	20.724893370575	-13.8777990489216	-27.3303498520132	6.84600761198649	14.1629301941956	-31.9409153405349	-28.5005629736499	-3.17635096816168	6.84665344509677	2.30525529362437	23.9164356599068	3.0438167918373	4.23630046879859	3.84024176019809	-1.07090693398883	2.45046190891201	-1.14753423212647	19.5444403164713	14.466180731556	3.29993620411205	4.47410913508137	3.68024574273038	8.35642467538992	16.1293039825859	40.6118259402162	1.54977273729965	207.339142592042
