Wavelength	800	782	764	746	728	710	692	674	656	638	620	602	584	566	548	530	512	494	476	458	440	422	404	386	368	350	332	314	296	278	260	242
247.926	-60.7928663342831	-34.6761086408801	-27.7043500606486	-51.0899823569061	-18.4658723855875	-15.1129636218737	-54.9318233707536	-27.7820531766833	-22.6736422020387	-47.1380465865064	-21.4182665095105	-24.506382521979	-10.6442216780049	-14.2572125092784	-12.9612912435054	-7.55449841751054	-8.84302875490281	-0.665440357060433	-1.80665593818216	-2.92135797076097	-3.10337470645301	-4.03059887652213	-0.715893501130285	-4.06555108691828	-2.50459815130453	2.40359337521329	6.39047503173186	27.3349033466064	60.7914250297035	386.794862680648	316.850728885932	20936.7212204896
261.377	-57.7233263465179	20.5782813860355	32.8818851659236	0	-1.89665238820464	17.0404862984041	0	24.7305823876788	29.0134348999179	11.5391622697656	-5.80262530731892	-10.9073492180272	0.592193905465075	5.0765026808785	-2.1366063519209	6.72474220402947	2.81133766707144	0.592351021348598	2.81438499783296	-1.40859743423279	-0.345314038570532	3.27590307565369	5.09810073371112	6.09516975608185	-0.343000461678505	8.22920072982712	17.5676443177133	32.7870743251626	400.752389907464	361.128084727708	44532.0575335673	1506.73985444687
274.861	-49.0708253019392	-11.6624516155615	24.8471280688041	-16.2009748669852	-11.4656114280363	1.01657431537779	-27.7124405242832	-26.3825126041805	-25.7368011014664	-4.75611487950334	-8.45628762789912	-4.94526943714928	-9.39729192728892	-3.45244381382733	-16.4681258445888	-2.40704405347645	2.86791496451478	-3.3570661204946	-1.21524809390962	-1.22815813686663	0.391403751504326	-1.41453105086409	-1.44463845213312	5.39742461325455	5.0541579031007	8.58136219077664	26.3602655112486	227.186517826862	633.623582430503	24412.2330243899	196.239122824195	108.703148944493
288.379	3.99092686693812	-30.3522045618064	-9.09366852190595	-2.87481638903018	5.59498436137543	-6.94494524376565	46.3649326600932	-16.0926595978604	-47.445238210929	10.4439914455811	2.7509971785541	-15.2835401585779	8.51627522541814	-3.93101827079208	-1.89084924571687	2.34917673965671	-5.59793587177687	1.96581569806304	-2.96508133181178	0.119863220765745	0.572991126307194	-0.172565570487418	-0.469969386180439	2.7391863706614	5.69152130839044	22.5762465483907	71.8122210329504	668.595981165073	1916.44658977944	576.222179964796	968.396803095001	330.057267749109
301.93	49.822929679679	32.7910182158455	18.920968420085	28.9875526598883	10.7458558910798	12.3858631643354	53.8007746646934	47.9072959187793	34.8416891589708	13.3726470892578	-12.328466670441	0	3.77458948629122	8.62857631350762	11.3487769769853	8.27178546122695	4.47980192915383	4.1951010316467	2.84740176549373	1.8416965107266	3.30149988228973	3.97720093379616	3.3848776227004	6.87969660578588	18.5831538592711	30.5970983323076	497.842400018595	470.099512097398	5508.41254419803	1840.12137050002	764.175401719966	968.985265161673
315.513	-96.4159741299654	7.33272612450485	-26.3630461249891	8.33425112014008	2.70336132647704	-12.4637679168192	-5.60060394106246	9.33070138261917	-9.43945607187381	-8.97117235150082	-9.74757960766919	-8.55063290910587	-5.69749641759313	-7.05481435550708	-6.85209519130721	-1.13506546879537	-1.50265968056948	-0.211074371452008	2.00571797137819	1.38996032684719	-0.553710949387746	0	3.63324572486497	8.14466894707063	22.0000451835262	281.504441900054	502.583433017744	14256.7192068163	834.706053898266	2096.75880445863	2172.26531479683	2105.07925329728
329.127	12.1253068668505	-46.1083110099283	-4.60475828672701	10.1900395762409	2.83313060511158	5.02387129259352	27.3907637231444	4.88930121832899	-5.65290152583766	9.40181495674869	-7.42944875646562	6.51715519035816	3.98066197936681	15.9243886351039	3.35114074068921	5.55124240050728	-0.629916702350183	0.663619682495062	1.95185558399963	-1.33529229384554	-1.54744186726003	-1.22334768889821	6.42541306056512	16.2177102295774	122.773796013063	548.732515383688	12122.1775164728	494.147317629902	2058.96555757857	2403.66441372444	3673.42563137169	3127.7373372196
342.773	0	42.6355803721464	-15.4834276651365	27.900562415088	3.57238399325212	8.10849052194145	45.3926427606727	26.3043181103413	34.2140272218691	5.92752293141893	20.6096592548463	-9.03945583226099	-9.36943952002435	14.3425466614142	4.34628962548315	-0.399984978927651	4.44797860952415	2.67769295444427	3.33202718570208	2.32658425422176	3.70731495382413	5.99393886445831	13.6833888685998	44.3429610872076	518.066261944225	2434.71953919494	110.422791235532	513.15019518523	1540.70924822583	2160.11042459098	3579.70542595649	2887.75063538399
356.449	12.5236458778322	0	-12.6827552257431	9.02125837440475	-5.12085742851337	14.5289616128004	2.02075725327976	11.7831557871924	0	2.42767054104691	21.1021801235057	-6.73125592871052	-2.74095611414903	-11.1608270421022	0	-1.22863094935107	1.95183193284773	3.42710415183346	1.39567686291899	-2.88369639067168	-0.199784778386497	0.902526391965929	21.6300737427703	441.243232584673	333.191230392909	2068.40520726685	101.252108746238	586.97391960765	1179.08511921582	1678.64249149446	2602.45097843112	2051.73064644415
370.155	8.23962373923228	58.7482761485758	17.2101307291934	10.3868000519214	8.66350740723881	12.2901065211384	33.9024378158886	46.5146193501418	14.4051348924539	-3.59375832216853	25.5585534053263	25.7416078742488	14.8775915667718	-0.57970979358387	6.34371817227531	0.808347412229836	4.49455878105971	2.4802564606108	5.2034231754115	-2.2272145919727	5.71779070706028	6.41298563823524	181.930055357151	391.737870028457	12677.7787980569	91.3418783906821	302.448310775739	367.582190458148	914.693147033815	1251.31820692474	1715.31239422875	1479.68223199884
383.891	58.0730234967955	-40.4857647987632	-7.35135308652798	2.7888138148588	10.1767605970828	-1.92490894505792	29.9852575445317	-9.36674041004889	18.9518303097774	10.1315505702712	-5.33739752247441	4.68199581245202	22.2425097414504	4.35819259449247	5.96141937439031	3.79816520346522	8.74908872732825	2.75456516353038	3.45165408624633	-0.116277410703697	2.40868164359406	24.4408562306727	358.117189371925	13228.1559165841	62.9423025998649	135.114170174807	247.41456359853	450.099262145009	926.95496391413	1040.08068714259	1209.82767238637	1280.73329692375
397.656	116.287070409866	71.5322156930703	25.9774553962484	40.6511465615613	17.3814350907981	31.4594592301586	23.1784916356462	17.9287462372661	41.8562678831645	38.7853172421745	11.787966483869	4.82555360706315	14.5968258647792	5.2939331218613	5.26646265230937	0.335539138167013	4.26436273603879	4.67971108054113	1.5246375227348	1.84900119279663	5.89261253638675	168.88808001492	4328.68283273281	53.0889704585376	89.9106186187119	387.891195060832	321.513434786756	565.750847480029	983.689790651285	859.674826707589	838.388441384816	1101.12471318267
411.449	38.8652240777823	0	1.22996861442289	8.16552883652791	-9.64859265683499	-0.805150276478326	-21.948891303361	19.5895853936734	-1.13245218710692	-6.59216696356372	-8.93009947702372	-0.652794552965669	-3.72143584534317	-3.19015087309373	1.53448647566242	1.27095622742337	0.757151573234881	-0.177258246917098	0.360939182212221	3.89091814931321	81.8402080088055	109.653392861787	694.902864613101	53.1795648409055	147.187579756219	263.739048457964	424.768398359832	675.874306150968	1013.7716680145	725.868944680817	674.971657570868	1048.45062630261
425.269	85.966660263016	17.5125649164066	-2.33193327202418	14.3754590858046	3.22818484684842	26.7138869983721	25.265364449744	39.6164957308064	15.0293432871958	0	14.8144809287571	13.6141739879124	10.5833676961721	3.02414991590448	12.0007698633087	7.22892863913972	3.82801517564536	3.02462159596281	2.8513128922833	17.88899436776	92.862842699434	6836.24263107299	32.5394593362699	69.5398542670313	238.482995378207	336.014915804966	521.841803640459	752.490418263725	981.439090555057	668.513404686	617.713875553404	1070.06837841997
439.117	-29.884433846527	34.0920222131055	-14.7537521881365	9.68710236455889	4.18957664709494	2.97167999350055	-14.4660397725925	14.4604009204279	8.35939726119476	3.47580379034016	-0.686657476951433	4.81871911265855	7.84869733321129	11.3538211736399	-1.0619142071764	2.63862828901944	1.86301634031266	0.817789550341011	3.10839290746806	49.2753310561216	9256.70756655074	22.7424936696515	46.4531066073138	175.608145781064	198.602881804368	425.904611496108	639.740280841169	809.479612661586	914.695724931572	612.211160730126	573.651986300712	978.007741329227
452.991	-31.5917710703452	43.684538817308	-11.9974258157757	6.2063874742686	1.50986342082892	-9.99554182193162	18.0729589822402	9.2645713617926	-4.01680940041431	-6.68069283121428	-11.2182555932542	-1.7365973548896	-7.07139527617326	-8.48660201397955	-8.50441492478698	-2.81755213374148	-7.3854484778423	1.8862057064057	36.8072379585522	2384.22486604117	14.0195583427515	22.8496469156529	52.7596233227702	110.841686653496	213.799353744216	448.481437241848	653.70033328534	760.040007109959	778.464015325038	516.481770643476	526.06051809859	855.065373983249
466.891	-2.79146487279348	18.5761920005407	14.8413805974204	21.113382166431	10.2727467646008	0.693951603503772	-12.1612803083055	14.6328720413835	-6.83235072836428	-7.30507880102111	10.9037581299713	7.31428892258007	1.83284072030307	5.89191779777012	-7.60471857656295	7.94183458520848	0.217527321168718	24.7499144205824	220.666616574196	59.0224183379177	18.3022973286435	30.8995755994709	140.364034142294	103.755060169577	206.213229393754	417.570556561031	579.319397942338	643.160166791839	632.014798073323	443.104522158553	483.011266989468	910.245917815647
480.816	21.9214107793723	15.6299017381214	2.0812421296122	-3.94770645268376	-6.24247750557493	-3.40600698348277	31.8342320119869	4.41969764592501	12.4555184828417	-12.7481957777495	-0.629612923833634	9.38910134152761	7.64645260883876	4.62693088428375	0.973694937116516	-1.88177296769208	8.75475535227061	27.5945207723785	1142.50738681192	11.0279676972599	21.375633261973	38.0332928757323	62.9229280809435	97.2192455788326	176.242097089846	350.770017607971	469.681375987719	510.11776203308	485.271140757396	353.281558919884	406.226528226818	8964.35320234078
494.766	11.0503640568268	-86.6676496000492	-19.93353373228	-2.98499904481664	-5.32530394579222	-12.3619253427597	-17.3845946688512	-27.8490675737716	-1.93190842066467	-10.4426368573248	-1.26952632625116	-3.34090739069588	6.34858877790576	-5.05351082154419	3.27219923441279	-6.77559245439357	20.4513435662041	5073.11224744413	14.0595042504717	20.908809670219	31.5985655545257	89.2313736589568	60.8350684179153	94.3681271055425	159.429477776485	282.936661505018	364.110776067564	367.756415107556	369.227172345171	305.338188473095	368.470035222221	1442.63463610801
508.74	0	15.6401316778385	5.20651081273403	-8.88815310581137	3.36353407094469	-8.86141425490805	3.98188348263874	-4.42259038583107	8.62869513765384	0	-2.52010004920492	1.10532313057577	-2.70051433932839	-4.62995926058544	2.27344187229338	12.3740302840991	4975.10104519192	18.9086157188329	26.4831026608677	36.9761070447721	55.3768175621857	55.2495785420228	71.843666048575	96.7038118846171	143.510385693012	221.032178855218	283.061428851892	282.730966497849	287.123994738768	254.623385955485	833.371213121174	451.912515474795
522.737	-13.5347610943787	7.72019604333678	12.3360447353823	-5.84976186931436	-3.32057849141132	-14.1317810857346	1.3103436612474	22.9220755786159	-5.67899890981658	-6.29681313754014	0.621978984238752	7.09284606138092	-9.33109156804555	-2.66631762128121	8.33637191494524	339.126837104718	15.1877951508105	20.1486530343068	35.597270387271	42.5201171625111	76.3042550685007	54.6610352331092	66.1446146200432	92.4675457734564	119.287150960022	172.641040965399	202.115364834504	202.687076927985	210.103031691276	240.745587205027	2921.93556877882	399.768060992782
536.756	32.7631222568896	31.1466803946825	12.4422631417203	14.7503267975454	2.39226431040825	2.03620878839918	11.8946363199438	-7.70648135123143	22.9115896815175	11.9081836538947	-1.88200343542577	5.50301413537257	1.34449087067953	9.60455610686773	19.0800360901063	572.39948019011	15.7440840842881	24.0578289246295	38.946470497587	61.4183334212976	56.3163084048512	58.9094494584135	65.7496050066423	79.5696732030448	99.8076242565771	137.757561932145	156.373752419221	159.488401775339	168.834256850347	203.632622528918	230.674282468855	308.05261420165
550.798	-39.4026338380922	13.3780774402503	0	-4.05474507929134	0	-9.79540212048338	-5.44956492040548	7.94418433056925	-15.7455249627648	-6.54692600871218	-7.1135276366378	2.83637607571335	-7.85377952016816	9.108740006869	3022.9563239214	12.7012282606222	11.1853360817263	20.3328224481243	38.5794852476287	54.8597832858408	52.6655770009189	49.28702702299	57.6689793155013	67.3131445961799	87.2324670062635	111.8334329888	124.911383576828	119.847137017723	133.020562877619	1463.52576532182	171.842420894055	204.498357268761
564.86	43.2804709039371	21.9440704746274	18.6278931990555	-1.03921896865895	0.505633498879997	19.3669619340159	26.5374348779179	20.9424399508434	11.097709401021	16.7795744531724	14.5854059074228	15.1206568747981	17.5240711956852	5003.22944322273	14.6957690328378	16.7010356135042	12.3664501806369	28.1091194151926	57.5582855442952	43.4160809037799	49.8494983556751	51.5265603342557	51.9861850716591	66.5712352637002	74.890495314634	93.4577565575653	96.4781232897257	93.0152154083907	133.308855889549	372.708097440649	199.573543329872	211.353721145387
578.943	-26.8614251150942	-14.1867537064922	-14.7347914229097	4.29984577675171	4.18419241817524	-11.8714437714559	24.560662893017	22.8662104957286	-9.39223596689459	13.0175132462583	-17.8301505199408	6.015657927658	1831.78531228631	2.5198288500636	4.59571445462662	5.85608279853997	10.93115476296	21.0718550847303	35.2570933932261	37.6485283611369	39.851403033802	41.6840055532478	42.703022774239	52.3153439205102	62.0013748132583	73.5252627407455	74.881867987013	73.0137212721474	166.612908387534	122.284875672366	141.88381922676	139.283966825521
593.046	63.9846471694681	84.0003250604657	9.25679340815505	48.2853638260697	8.00908428885744	28.7830689346778	50.1464304100807	40.5438027230279	34.0915233697429	31.0080715567721	36.404489819519	98.8732825445709	29.5080875219015	17.5781673308349	13.353076977719	19.728364913825	16.382765688885	38.6875287861089	28.5226498761139	33.1266278604244	41.2663248195099	37.6793064163098	38.3915867199672	47.1333778992648	57.6464939523066	57.8237295921167	60.0534937623675	71.9251390626484	1425.39237477841	131.564550728896	115.326640407859	160.18947808996
607.168	9.38116649123847	23.7822018012313	30.8761424890253	28.1567123757772	19.1795650337785	18.6570874461796	36.328833471634	21.4357441945397	25.1479952623123	24.5498917546529	0.718506513771969	548.341901244045	13.3457044672518	16.7206223624076	20.0010360472486	14.7254134836918	21.6873875336632	22.933318740148	24.161938202704	28.3631659207987	33.6721602093278	32.0452981746976	34.7987141691676	37.6421911893051	43.5548528879791	50.2151237117719	51.3371452484535	78.6434286317963	77.4370383824397	138.478557081057	109.202143061075	149.626357231354
621.308	-9.67777431478207	-46.0014984455577	-1.22509095955061	-16.266294018037	-10.1756429802111	-12.0293596912969	-45.285258953839	-42.9261788541391	-36.0947600198454	-19.698073730197	2939.69359456999	0.650205782411255	-8.47240649830571	-3.17749977389739	6.11360480858696	-1.26591602902932	16.0885110769398	11.6526496977193	17.496046996114	20.346312185686	23.3122426454523	24.2707873832045	23.5527555351761	29.2945710149379	34.043997647218	38.557761383363	40.5430474980951	429.80422748403	55.4632878149092	101.701438925732	93.7578889079191	91.4709032972116
635.466	33.014463701895	6.27712426954995	6.26885682080211	-5.94539341922758	-2.31419184402413	-9.84878165498253	-14.3830628577939	6.65622979165395	-5.77183883729296	2167.59635948937	4.55145882265039	0.665427643917795	2.16768815619187	0.464555386110166	10.5582308852352	7.77331309608636	12.3488674389802	11.0220049502344	17.9056440982792	19.3353052111625	23.0680016970724	22.8404476574119	25.4648631301247	23.705417881416	27.7786320437542	31.0261402829727	44.4012409931346	530.443664067557	56.9953171638636	92.7426429237346	100.415762320594	89.7118006224746
649.641	30.6784569940951	-25.9243260016536	24.5956726131893	18.4157160097763	6.57080847658862	-11.863587977367	-34.650931978193	-10.9960079584741	376.632706077032	5.94692528165215	13.3148121986889	10.992781044734	4.47624198740536	5.75579744394998	1.61500599292968	14.0452982442328	10.6250905235478	13.6188483244163	12.6626279996861	15.8684634153617	18.5972498807914	17.244763665634	24.6866362715018	22.6759770353156	24.9542812677929	31.5677279789977	48.6894180143544	34.29081796174	62.9472283024723	76.5212105091415	113.662340002214	106.722101312449
663.832	74.4379726696735	77.5049716731387	22.8843332121936	0	22.983284146784	3.52478189936007	44.6121559754692	42.879582873401	44.6187796099126	17.5216254203121	11.4024558214784	15.0034497663989	2.90922836095298	21.4475135190351	20.15299620048	11.4757176388198	12.4299505246559	16.8780012344807	16.0645260761265	14.6915122602308	22.7317521530144	28.0483109572195	25.0450724072544	27.32326271338	31.17312292804	30.2393974335569	618.917961149237	38.6974887727752	67.4640832700505	87.3999205901166	111.806525556413	148.669227765445
678.038	-40.0072987674655	58.7789670480045	-8.28727774451938	3.92983345879579	-3.82413235653457	-0.904156400010152	7.04224544866075	879.937548290066	-6.35852661665064	1.05753992660348	-9.19251506399297	-2.93226439932329	1.79101971134673	3.07065516286172	15.5085855076756	3.21129147146755	9.91964735243124	8.75841946009129	10.4032758638155	12.1249985897825	18.450378572955	43.8764144000701	40.045521580986	36.1001373164369	29.2190835894164	36.8345868777188	40.4809457103078	36.3796709706972	49.4074994590898	56.6617526725662	66.3736097398958	55.8608303866821
692.258	-48.5786541329517	-10.6573656133579	-25.5439897309041	-22.8800724083706	-12.4420186410377	-12.0765391892184	2423.88240845395	-15.068019781032	-3.91979474096471	-9.77900941345139	-6.86890063583654	-7.53179894267699	2.45354870842671	3.15490749255831	2.21307062889091	1.83300142564139	4.65911846666332	5.31743260368641	7.6347999342902	10.4375182647474	11.6243413598652	24.0751375283118	27.5028653762267	23.2803011431113	23.9811075427692	176.611169437972	21.3157246511652	28.6207558196972	42.5670059202787	56.8412408722412	65.6690302813999	33.1116543877437
706.493	-23.2678277305609	25.8065003534546	33.8724433377046	0	4.75705036862781	724.969016795021	61.9474097134964	1.56371875395472	37.9666750820246	10.1483941733094	2.67313544664396	7.03466937656641	11.4580222430558	16.3703926753399	11.483327260359	12.9352306934077	4.83510841443771	8.06519191057228	8.78753908572285	8.50236261502625	11.1354740912475	19.1156831241929	18.2667119374761	18.4268694541708	25.439994769027	207.342573974035	23.9193346061017	25.2687416134847	36.7666862686836	47.5712242484608	59.4124383059718	82.4697323624601
720.74	48.2637189036902	15.2941734873465	3.05480598017718	1.44859133736274	42.2888531742158	21.9967862249029	3.89380460755127	14.596075519666	8.43782924102202	16.3726056311361	13.8620007078336	-4.86393070727813	1.98058441873345	0.565943126545709	0.476390048431641	7.10236052915104	9.08906437044981	1.54086324828907	6.12570726524859	6.88535863656262	3.84966026640437	15.6517329134551	16.5769024057022	14.6518710526844	23.1344004651435	21.2840274654494	15.8544553204954	17.9311570117932	28.1721396811955	33.0562876020236	35.340119863112	64.1491337346103
735	66.5692291226693	90.9720256684094	34.7608450337294	44.9553255267161	557.763513017603	21.7205018998816	26.1819216942571	50.3302230760206	-1.45476716465949	35.0834077967081	7.64783752416413	0.838590884220146	20.4883680167529	12.2943647245968	0	6.93894010343938	5.18746491294007	10.4746108400289	7.88236545780175	8.24725939596409	6.76994802158462	10.9739698382043	16.1682600018194	15.3764487643444	275.31262188823	14.6150583944397	12.5417969597835	14.2685213495928	25.3161172233601	25.008599062564	24.371977438007	113.057368290333
749.271	87.1570861581305	16.571399303241	-11.5847014594573	2850.32838585897	11.4551053152014	13.0002280062277	21.0948931022381	-15.8150027457687	0	1.26713514123775	3.00392497916113	14.9320082143796	15.0218896749371	-0.613205384434327	2.58086836898459	4.27526834253126	-2.37712703468728	4.77011909707459	2.10449987580898	1.8323689171584	5.42249208575698	8.10254672966274	6.41473203605052	16.3356159950416	19.0587264236464	6.95820205372834	12.5301785671047	11.4578916828379	13.5665832705658	28.332722969192	24.5457660035745	36.0402867321852
763.552	-149.855320876519	-84.5867375058387	2166.12531315709	-57.3465708565866	-5.74454122075317	-25.6119052742508	-97.475454165256	-69.8679449061426	-52.3976865909499	-34.0417930203457	-34.4323995124895	-25.4848772305804	-20.7547984516697	0	-4.43746888087269	-7.81019330889136	-6.20372810487128	0	1.04377354532431	-1.82842737809002	3.58587415718293	1.41742670780808	-0.27573252215407	92.7166897431298	2.44877124417485	3.20456978307848	15.2024328401297	1.8736756098622	12.9220643135275	10.3403308225312	-7.3855714490225	-19.364564069031
777.843	-216.712973410756	477.594030917607	-20.5749609290844	-30.1569560258044	-23.3040347420728	-29.3860012414397	-78.6775443537752	-39.7206443950144	-36.1652502083621	-24.3462111536041	-2.2633793582834	-32.7599150039038	-20.2117915064279	-20.0984925498522	-7.0006219329669	-8.69751951156815	-9.21138894648618	-7.54773746652053	-1.64667385183126	-2.21888945972157	-3.77142164411785	-0.851868594929439	-7.540000699371	130.799077131162	-3.51201882731804	2.69630964394642	-1.82732200990584	2.53366339913902	-1.74239790535684	-3.02093915071015	69.9095743923542	-96.0138024250534
792.144	-30.9130399501049	269.388863639883	5.86983399435988	7.42261274521825	4.51435376756922	23.0547271272848	54.8678278996544	-4.15503336809046	-16.213356016372	16.4790957977552	33.1469533341538	-23.8844306291401	0.845713048387869	-2.17492844038471	8.54361450253817	1.01090683420588	6.42380119491276	-1.97385399359959	3.4450522668659	0.773700081797979	5.17800698033738	5.79220860888873	3.03358570049593	11.9687170916809	7.83743198618062	9.8717929912227	12.424721770457	10.3070096574788	10.9359576827369	22.7526876239144	24.376628222216	66.9577174874862
806.452	2500.61323521684	123.292830723129	-7.69565279462461	4.37914134487767	17.0454206636192	10.0753090812492	5.88555250400932	14.7081457994206	-22.6736422020387	-1.17845116466266	13.9684346801155	9.80255300879158	0	-0.570288500371138	1.44014347150061	6.75928805777259	3.15822455532243	1.10906726176739	2.40887458424288	1.46067898538048	3.68525746391294	3.68011201769412	120.986001691018	7.06122030885806	3.08258234006711	6.65610473135988	5.6386544397634	8.10781031467138	11.1833281894266	15.412134631234	25.5672057890665	67.0358140850439
820.768	113.480017157328	84.7638211221514	7.69565279462461	51.0899823569061	16.3351948026351	23.1732108868731	5.88555250400932	22.8793379102098	32.5933606654306	23.5690232932532	14.8996636587899	20.4219854349825	14.6358048072567	17.1086550111341	7.68076518133656	9.54252431685542	5.36898174404814	3.9926421423626	2.2583199227277	3.4082509658878	4.84902297883282	3.68011201769412	22.6699608691257	4.70748020590537	3.27524373632131	7.21078012563987	4.32296840381861	8.80276548450035	15.484608262283	24.8582816632807	20.0885188342666	7.18240865196899
