Wavelength	800	782	764	746	728	710	692	674	656	638	620	602	584	566	548	530	512	494	476	458	440	422	404	386	368	350	332	314	296	278	260	242
247.926	85.52924151171	27.9436187522264	31.7012821437983	-28.8872763612903	17.2906157434132	28.4484911167076	-25.7992677472483	35.6745976729927	3.47704968708749	46.007804321233	-5.58898035880104	16.9860782458164	-8.87738097995411	18.1067421181264	-21.1010431962061	4.37608278970839	5.80547857233963	1.88359566772961	4.09544082167526	2.02983965783916	1.25121354043283	-1.64513777954287	12.3885640869299	0.854455293256645	6.50002755022716	7.13823878182246	17.2848603360688	67.6381526745183	130.084360989145	1255.52248637125	915.746154337794	55272.499114035
261.377	-186.107895253269	20.7286685330912	-32.6750238194952	-18.1513498101109	3.66463879240209	-18.7176071375756	-18.7900185796769	-44.1058903150554	-32.4990152333216	-33.2755224300834	-20.8954572600952	-28.4619192925955	-5.02875200569725	9.91875028379487	4.17408624602231	5.19390822931283	-3.10069666673114	4.31153735878686	3.47990408872601	-4.44772948129524	-0.445514078451526	-6.27618152378424	-2.26212373916482	-2.53535101624604	5.09175941501071	9.98517595367425	16.5884190212815	76.4074183056762	869.271667283672	954.808839306997	89859.4506149456	6797.48828819425
274.861	110.268306905748	-108.078669031778	35.3527560125348	-42.8625927959342	-19.9380720532598	-12.47993017527	-52.0616742095134	-5.99913435464625	-12.2789066006653	52.2233568995939	-4.51131679323423	-2.01629906798949	4.07139212543768	-2.81065612578544	1.18280234316483	6.86834039548659	0	-2.71500352414484	2.44175497412821	-2.20560212434325	7.57466518197909	0.711387525308945	4.16658716658225	-6.89699778147638	8.65704915318232	15.9479727312725	61.0400209293277	508.548434668663	1385.38721162199	54748.8625041938	620.262204383921	534.755816901413
288.379	121.65441412574	178.858017269494	96.9365694519253	35.1389983560181	22.7018685175489	47.5016194190426	73.9055546899743	42.9360084485415	116.413198518423	35.3943503853621	30.820027254622	53.1312907732315	17.4834550814549	32.9170277594177	6.34901742445736	33.0372978690683	17.912534231763	13.5136363211784	3.66623566353638	9.3790882875509	9.6103332216296	19.4399851958979	14.7016686661631	20.7544972472697	28.4191167090264	63.0114059048143	139.623208003266	1446.70574486618	3702.8742551638	1719.42593919735	3803.04452302327	1047.97489546994
301.93	58.4130677707371	-145.334889377513	-37.8668357334815	48.2062642566318	22.5794682533804	-4.67860024860997	-39.9219500704842	37.4835850961073	-31.236261475331	-16.315009188236	8.4562363626876	9.44862790524748	-20.6053732053806	-0.658554187812816	-3.87993109872046	-2.75879111191476	-3.65991766048133	-4.32576688609208	4.57694685329188	2.65775799684753	1.18319406658787	0.222243354331405	5.40696324532139	-0.269334903136285	31.4709393413541	62.1981251144118	1005.9964057749	839.611888940551	12155.7668384282	5738.33100046138	1900.60190951016	2650.27388148269
315.513	31.6510249964901	17.7271537610848	93.6748187490087	88.9340331050089	16.4534919380958	20.0091180023019	84.8097756773778	9.42983745116512	114.15044667072	76.6155951450265	39.3560883162575	35.1798145990506	20.7349771318978	-1.98808910981266	-12.8285297340301	12.9553358187849	12.1536949215337	7.68172084793469	9.38861363176875	5.79469538994407	15.0020153008836	7.38016036821708	13.3001538471445	27.9159838151891	49.4826338088298	569.368915222988	978.656903111621	20759.3384907902	1241.70501346526	5519.8613878754	3417.44417056628	3945.94681841963
329.127	-9.47724774259517	-65.0233821115741	1.66392347466578	28.8082394817626	6.56887917933856	33.3046816903075	-21.0507380160036	59.2949839648826	-22.5389861040657	58.7862162932889	-15.6063282443165	14.9467090379777	5.63378586191935	-7.63958514940534	-7.01443659956699	14.0621310350374	6.17556749166111	1.87844206577671	4.45552965000091	1.09000011388773	5.49027672270359	8.2031830451615	16.4728912290112	35.220855235539	245.288082092647	1087.38268387401	17093.2035519178	719.727912080815	3682.49846202949	5024.54374108063	4639.26241015956	4727.33822289018
342.773	-282.023810184282	-135.869207858488	-35.2479748302533	-78.633418236203	-40.5862469165853	-49.771764842918	-151.003257794689	-71.7762439774382	-103.18689903691	-20.248889635945	-48.3529174577086	-68.3509822629092	-9.74238005844653	-31.5261640099397	-12.9722633015886	-8.31540851965189	-5.45087787045828	-11.9106089985282	-8.23990679043485	-8.79625997326367	-5.28655036996636	-2.83711624380913	31.9556763015928	68.1925130302711	1007.78025747756	4100.07370223514	241.262884028593	787.84801528319	1792.82253959827	3987.72400196047	4096.65730157283	3685.27703278805
356.449	-24.4714826453658	0	8.5929323659002	10.5016390710339	22.0502072293059	21.6585054542591	79.7217451626499	89.8229714792525	64.4661248034279	19.2518754867571	50.6597938590983	9.26264183263088	27.4317981087328	24.3890030534782	19.9234033965382	27.044872776205	7.17575223956731	-1.10865851500934	1.5339673776929	4.50323462590352	8.24820739289556	0.242076370064626	44.4983016636472	804.42156185256	572.573247261764	4273.68196506129	248.419407923958	1317.699935886	1510.39372729635	2953.54360333684	3274.2810793323	3113.8840875153
370.155	-48.3012242535243	-170.431521396247	-39.0092037411724	-19.0005592177582	-9.20661268040044	-16.3452202151979	30.9937460231743	-28.2052944310302	-35.3449132337504	18.9994445506733	-7.95383618510776	13.2039409768867	14.7666064804197	-7.787098649893	8.9373488065808	4.94264072594995	-9.04879243875527	-2.18824352942039	-1.89231746246397	4.28546712811408	1.52626064060198	0.716706781098012	308.372583635307	689.355918003856	16833.3006239435	209.392163407535	811.807853399201	627.5252739825	1302.72681748881	2152.01220060307	2350.66043874081	2142.08727552918
383.891	-267.80331232998	-133.467175199502	-66.9413295728297	3.24645574979363	-21.2361970220542	-22.4495075484869	-76.1755201982541	-26.5055262726494	-51.4830671010858	-46.6962777278767	-21.3557285432187	-0.954478205177389	-21.5859924917603	-15.9661434569954	-0.559916470481382	-5.573732007157	-5.54574432611507	-6.16911266448589	-0.889139277382468	-1.78986981536091	6.45426826629618	45.3500136703244	640.569734254826	17307.0133983846	131.883822721696	298.325890693484	542.043037433182	809.454578668738	1497.600882125	1786.37171785996	1741.94549775938	2041.34826096346
397.656	-128.316718585003	-78.6054292726551	-23.9366461046952	17.2079871100279	-15.9812281569388	11.481939045398	-55.4196625421966	-28.4332596733165	-58.6856668091538	-3.6399375701018	-2.82992538493957	10.1185107189828	2.72422714245471	0.587703286589917	1.48393142388409	-4.10330851404491	-8.16540869953716	0.454161995728946	2.51355913910151	3.16242892610055	4.85713772775084	295.714779286294	7385.31662251958	96.6240626811539	175.093180335433	1013.10132110982	631.330572724327	1060.75818491017	1653.48732763386	1472.81971306984	1368.18929452733	2000.17368200553
411.449	72.1463368187885	-66.9919270447945	1.33334272281318	-13.579264365891	-9.21165721999111	-23.7225412738812	-44.9825948862592	30.0925331979954	0	26.4257872148636	8.93266706724728	7.18629889988057	0	-1.66957830027457	7.02605027895418	-0.388563129882101	-4.33005458914762	-3.44055253812698	-3.27279816756116	0.998221538667592	152.582433724913	193.446122479514	1234.46619858382	98.326460308141	316.441664707964	526.841683887778	836.542938614391	1344.71045820418	1795.90510253978	1372.83178389468	1122.52083967222	2080.42320495784
425.269	107.987635646854	42.3373143566141	-5.05584650190162	27.0325884041001	28.0681856705521	30.9211760107774	15.9907143839709	4.50420860429565	51.3636845920178	6.53496764662876	6.77428132645558	12.8677846050608	22.6206228857082	25.3232164984088	11.9888037807258	-2.94675256011821	5.5707161579598	0.815380453993337	4.08965463633842	33.5928911928631	169.097406963542	11303.6896485531	80.6142530166162	138.088886005469	543.619382703176	643.307085929798	1036.89115360999	1538.21660059841	1782.31000424375	1198.4496159396	1078.5876417437	2145.61538383165
439.117	-84.0885819018841	-65.2482201093736	1.23028831064748	-6.26485971337482	4.24984289693176	22.8010622668736	1.72941159226715	29.2280771973514	37.175992361353	-5.30072415706109	20.6056471597809	-30.2072873492146	20.2327428316111	-1.02702410085267	0.864400665617405	-2.15118589600399	7.41999797163956	1.98414457579187	10.7067151351605	96.021415266927	11754.3378745803	51.8154286523595	103.99752554965	436.622639098642	357.359036010079	788.585298847474	1241.86869194863	1625.59312036457	1663.3835293872	1134.38082245355	1015.79726109431	2079.07456852431
452.991	-164.99018997387	59.4051133833862	-56.7524207444285	-30.1035428783584	-5.834600053873	-10.5179856460516	1.66201378495351	-25.2801130073387	-16.0156356598132	-32.6025398554334	10.2973591052002	21.9495600496171	-11.4377894035706	-9.37649435040503	-12.8760616271135	-11.7149884379609	0	1.71613749205034	66.2218971139098	4148.25392240175	43.8004236915776	50.1291866697562	91.1656672632728	233.720375952141	375.859284922741	820.72129860472	1247.63287202893	1497.0363773303	1449.47877309898	954.506389029177	963.795860223473	1910.91686025764
466.891	-62.1822628457723	67.3630119885163	-11.4919580548787	-40.9634498644786	-3.96972123433905	-9.37119320084112	-33.9238234993395	-4.0952332181383	9.57947467956981	1.98053412834166	-23.8668486238174	-18.581414391269	-20.0108473809009	-7.67463547281009	-10.900238377447	-8.3724745218847	-3.19888641183592	42.2566725025767	326.314645781777	136.581823793062	34.9887377247732	60.0549695471119	361.440832163538	193.622600255344	357.621861377456	747.844813269685	1094.1622491099	1257.60614340081	1176.19890984294	860.638713722682	820.502034784831	1889.4692828828
480.816	-51.4019091899331	44.0835524365829	-18.0492998952347	8.04216291750104	-7.79356841507184	-1.67254783786466	-25.3718321152684	-44.2198912906849	-38.7893045147209	-6.8045078744237	-27.2070986705457	-7.43111591816166	-18.0062495565717	-13.6546985884671	-2.77406490206415	2.30122038281779	11.7754207243021	44.755035073955	2195.66510402408	19.7413632278968	41.1135385083955	79.9262381368193	128.647200223558	174.659627140652	316.772248424474	621.894507000692	871.3717733661	956.632823055222	916.816433108023	670.891162579611	720.361557568182	25310.074194326
494.766	181.378320417881	76.1899822043275	38.6685045724198	4.63311307507232	12.3472169444113	-8.43114646994093	17.5858195745578	-10.8076631255742	11.8504852633686	27.4406752363515	15.2386960992109	-8.17298455873308	6.6012875772302	10.4434714194558	9.58888038009036	12.2630917541787	48.014608136824	8775.14301114362	37.4330507815967	48.107418100344	65.159842756633	240.138117640698	111.727813518569	180.165362334872	287.639776061861	504.469959144976	686.857086287319	747.741711045601	721.902108888882	556.366925589711	745.794591124063	3849.6762509188
508.74	70.7238844061526	69.3194945117622	53.054520486805	17.2444855716482	14.4832431526399	8.36821269256153	4.76033217258215	49.6123286802051	24.7002588852807	6.80896149841483	15.1249477838092	29.7439186555755	15.2880295625993	16.49059485423	14.6725115184398	27.3037577407036	7236.67343981113	50.6099313353622	53.1485883877686	66.5518664335939	115.802741854142	103.033997751847	114.11748587831	174.966638291034	251.015460400812	405.151420761272	522.032390438531	562.137019653449	568.415846290355	498.438149098148	1981.48275670291	1144.56102896468
522.737	38.0840029512343	93.3193876344255	-26.7456832367018	-11.3495045542153	6.04927152313428	23.1317590898901	14.098614395611	41.0362343436722	12.7729971374014	10.5631499003951	-25.384038900757	5.33892001441814	19.4050114143496	14.419423280779	23.4893989808273	569.953427362852	37.9999767315249	49.6041433050957	75.7206782157181	78.216589053241	173.82570486028	104.386685880847	119.025072474549	165.883734241395	219.329863240222	325.226283228635	391.800467819928	407.962916773817	422.739989541372	476.659665146159	8150.20692280211	1206.40624662993
536.756	-204.863583154908	-178.83352111222	-8.99199151414853	-58.3808650686896	-21.0774193497115	-33.3299043228977	-71.1000462493062	-17.3569177757249	-46.8471923025138	-34.8679733067167	-15.060356405953	-16.8277822067682	-9.24237891411651	-19.2350579895859	35.5374785147357	915.846863103617	11.2113496682262	37.5234414977063	65.2114703565577	128.748587671645	82.940988868981	93.7278418939954	98.864645914197	129.513350165705	175.678573632817	249.368924042383	284.372472291844	303.460396886832	317.594140297418	419.15702935209	415.203397698419	656.95445271221
550.798	23.0980869202958	64.6840565934897	-13.9040182214732	20.0605322691422	-1.14355489193152	-31.7811040764538	19.544825455307	-13.7632955087822	-22.9387821987826	1.99685891046663	-0.776244319035706	0	6.16482445027172	10.6396049997796	5300.47722191793	12.4933987081582	26.3395710983695	49.3320798170656	69.291285654909	110.382954632275	94.014437537335	94.4971379660559	102.79645481559	127.37664710854	159.611180422945	203.063708715844	235.565342807911	241.052990033507	277.861131652327	3875.71413226251	379.347507278937	441.663860694751
564.86	-77.8053227235537	19.8939949912251	-11.8785268401798	3.62926170774324	-5.27561422946524	-3.52233573581306	28.3859198902803	12.6989684785179	-6.1885693539288	-12.2829343906686	-25.4654827923167	-5.69080288232647	10.9165430316564	7654.65272334305	7.92856121400661	15.2312327124345	15.1547513024056	39.8466976726365	121.663417655726	73.2559917739072	70.0153619896196	85.4996806838064	87.2937250435146	110.510603081081	132.534080053589	156.632973547406	178.239925418486	196.770844154697	283.263141099938	986.336423898008	395.705459914394	386.379499982933
578.943	13.996752595235	24.0079244797686	8.60095045069815	-5.0054467497208	-8.48876243384064	-20.9500187507451	-43.1797260308279	30.6500405109878	-5.12113319774449	-13.7641710397876	-3.29266653430803	-0.7358162559413	2924.03424952679	3.58996477762914	11.2227671691001	12.8905278136683	18.5261554275047	52.5122583574728	66.6253375812918	61.8622676829523	69.8434719981946	69.2292148794008	79.0675431622762	91.8686595337042	109.137807196048	126.724910227423	141.012403556229	155.245514839273	335.618565833977	259.942882466673	310.798069137148	493.340779661683
593.046	-35.7221211333645	10.5038321946469	-5.01739555896706	57.4864264096887	6.18993784187265	-0.929879180086946	-8.81616728328166	2.97996866787182	-7.84200788798119	9.72790144118973	31.9331160254561	150.234376139975	41.8635821769644	21.9892988654477	18.0667654235384	15.352794396644	26.4778844761184	87.3913630204486	50.1021224386277	55.1710643239604	65.8452724354505	66.6101956446532	68.5383089422702	84.7926872254101	96.3645352651109	107.520437952135	121.011678189778	144.80497936295	2995.58657379377	264.082513374846	287.351602755751	242.255399268051
607.168	-54.9930240498065	-111.395415646126	-11.5861717846294	-36.7104690663353	3.81168183528691	-20.0412554148817	-83.2428141312308	-10.7043141517912	-13.4139019837931	-44.3726890031515	12.9368357893844	930.519966754843	-8.09486765927132	-21.4932053034539	-4.52246956890604	-3.75160622409946	16.1255581120544	23.0455378890543	36.9135084561175	44.4548321258352	40.1604891380616	50.4107616443394	51.7145854338255	66.586309604953	66.8026436640408	77.6970201945846	76.4761810125888	144.641321718844	137.401610840659	305.981315566675	212.582538825135	225.729369126572
621.308	105.899283291881	163.108632828103	27.8891575179068	18.935578797455	24.9039155676482	38.3962562792553	-22.4021042838319	11.0427564261133	84.4118872451626	80.1073643718784	5011.81699283029	68.3967591802025	25.0524182853876	36.030741426064	20.0614701230536	30.187732776267	66.5416234768321	35.9825384886814	37.9324429511757	38.6519709064604	46.0114887095795	58.3648943586852	64.4747132383801	49.1949697274312	64.3618400556885	72.03677590538	90.7175318180611	862.765891506299	135.319122849497	302.049793841591	266.206973255794	371.236191633416
635.466	104.507814347451	-26.5565908401781	-9.51402201170362	22.1472874786244	22.8041015912069	-2.01513562931179	43.9425662279707	9.68680851038058	15.5781711777788	3326.15707521315	7.28442793948746	17.092531111554	21.694467691909	2.83648086431059	10.9817650310185	34.4591974251048	26.4831072214244	21.4812032327382	28.053857575341	36.249842698648	34.2462953935184	31.5886499604091	47.0945485580977	43.6183089681248	55.490592937829	55.6558371459925	79.6411195897077	1023.92495050244	114.005176013883	238.106741090578	202.383332380467	186.509687673661
649.641	-3.99642582914015	-19.5853367399066	-40.6959195415809	11.4334501754528	-4.84751148056795	-2.08061170802549	-33.5346098137677	13.3354049272153	469.370267123327	31.4401434394643	1.88027865676983	-6.72301108872038	-4.0726122687454	25.1863402176345	23.1701542674151	46.2116106253617	7.81245719335215	13.1264496811799	26.9299819650018	19.567452623852	31.5705633778872	30.8360311525503	34.1976273936955	40.0049933537123	46.3597079384034	48.4586287863586	96.3122212204409	69.8828356528963	118.086722578008	196.962207915056	196.903862411744	185.43757310693
663.832	-70.6488207756329	122.198684906566	55.4524454713367	-22.2927073251801	8.64144342651298	30.2902817090209	61.5389142535436	-58.9358262202524	79.0675214616476	5.02985425164855	-15.6421498502661	15.7300674331769	23.2927085954861	7.3090695542108	10.2528664816764	18.7115419279669	7.10853232229471	24.0051097015692	11.7226109217344	18.8456598301226	21.0109913841218	40.2878589070245	39.7288763968989	42.5969084546612	44.3428579468518	48.1615739677193	1156.48815835288	58.5563507125424	114.949898131888	151.744380795122	153.219423647139	200.249937768141
678.038	-217.46905861854	-125.382762605714	-43.4216584807416	-64.0460202258389	-18.4721036234561	-74.3689048720064	-18.9427220499921	1405.07288546964	-20.2819373236874	-3.87068622337056	-36.111893645514	-5.37997964068085	-35.4873390725145	-21.8735964520774	16.8320335045576	7.41783424315285	4.51518243471259	12.3153001742094	8.18576432724862	15.5534430231737	23.3550043991366	47.2429966057262	51.596485724649	50.0967259913425	38.9651939893285	65.2023251237071	54.2899075307593	41.2872058652897	72.4577389947671	124.25185950332	105.760662206149	175.028094265881
692.258	-26.286582697716	-42.941000774763	-38.4595324221346	-29.7681633837995	14.423993911999	-5.70219637737063	3620.01952524191	0	8.01478119017159	1.32562990846914	17.5207327502101	-7.37012664636112	17.8584671695912	14.7684721760576	-8.10650116821755	16.5876746716111	6.42332708228951	4.71393954625637	8.41036451135888	15.5482996276635	22.8421716448409	33.804117212707	38.0750499620008	24.6852032952261	37.1575996948761	299.463042705945	30.8779422561371	40.5206353160848	65.7604806942634	66.9826599834483	152.714882704508	15.6374345770903
706.493	-13.639755899957	-151.514271472266	-23.9473638835516	-71.5407649110786	-29.9376694680403	943.263327265537	-67.3254363973561	-53.0991828980536	3.32701014148959	31.6411742965559	-13.9043009505341	14.3409752368937	-11.5831494598281	5.33089567108112	11.2169465219797	-6.51349799534425	2.96264750476674	2.57473698063812	5.69995176111394	6.42436288507736	9.81721982861385	29.4590514772462	26.7474426392047	29.7055649024499	33.5855283757773	391.273677302785	25.5837571088973	37.1233519649464	50.2176262015702	92.4111491713522	73.1461924189254	125.767860025018
720.74	216.90927494038	64.7049652198905	43.050158013524	70.8247647625287	54.7449599994088	36.8239888901832	60.5154431470932	102.274672602168	-27.6044475003012	34.2429322256849	14.4206257756385	61.4771978294099	43.2478088130995	13.1310285222835	8.14343504934165	17.3709550476201	2.30449724459518	5.87476500409884	14.4095610755934	12.5510937991917	18.3768608314969	24.7222660867228	41.6110305143223	21.4812652357426	42.0572593456406	27.0704199565929	28.9459516040599	41.9091447702354	59.2047983700395	82.2721049964311	110.632690512625	361.860664415601
735	126.825810734752	114.745277986534	89.0673956856114	-26.1662277815848	158.061083584443	29.2046106342613	48.1544995650015	101.729934980414	10.7083938319386	-2.95191405281111	10.3275491903268	-12.3088542356716	24.0260487992169	42.8953684353323	14.4412521562526	17.4704160771559	-7.54905434890102	5.2485027313414	12.2306667118107	10.89982379774	17.7256718761898	15.6823006691557	26.41396313506	34.7942303975171	476.704033920867	23.0307401863859	34.3795168943652	35.2466377653167	46.9698794440697	62.2950059954275	83.3814836814253	239.397506618512
749.271	-86.8565114739055	60.0930142140122	-3.5881002411195	1065.21573979424	-18.5918156637312	1.32997276019787	-50.4377884232913	44.7524915209863	-29.9097118553878	27.8269353862987	91.345575579235	37.6030947173599	-3.47107110175739	1.49764302887898	0.630249879211924	12.0249201618643	3.32926296540318	10.7053953963651	-0.400331086307283	0.671567572669331	8.341314007457	13.3934188514013	5.12340831983171	18.9876459295187	34.1072233160284	23.5745187996128	25.2648368866321	35.8103520973055	25.0808227520002	21.1369286254199	5.13735833171108	104.858570049681
763.552	329.423209495744	107.627244338693	1578.94846870052	66.757093534313	56.1311583315223	57.1678975060277	92.1413221574846	54.9615090941624	164.723507670514	48.1770668257783	105.910071106804	83.1261226283631	19.5826876183044	48.2813101917401	29.7999084897608	18.5403440196322	6.70808959657518	18.6552778361348	19.3589283140449	9.20130412110863	10.6985269130256	16.2935723849307	26.060067824613	161.588485352132	13.2186983886194	19.1472860283168	25.2773619851656	44.8295916775582	57.5321888007584	87.8928474275427	139.856185620693	195.968184449947
777.843	121.264109884455	747.095638781781	-30.4148275580543	18.5853634022499	58.0350056698851	16.5346481922803	65.556144453356	72.256797054594	-10.5638391170486	96.0981642823088	-14.942598839188	-14.5712335091393	14.7114102041862	49.0869258854102	5.69852274100628	-1.77269960507188	-9.87727021661924	-7.19421142299221	11.9901527700051	2.84629895261035	4.56166683770693	12.5668891777069	8.49278086980931	235.368248480012	21.4859704652929	8.67484941043949	23.6313901388981	13.3520012038704	69.7762993717471	76.8608693350631	259.348016105338	123.665017788627
792.144	0	41.4437018167635	91.2054489291331	66.9650923451109	-53.3814595536478	-1.57239083593483	71.5574802808478	78.1047373021029	-8.84036091458485	-78.5921352272011	-36.9457962074898	-12.7020349172027	-24.6225210979639	-1.77062286129879	-30.5502230776903	10.5080237316242	0.984024397694871	3.07865664378477	4.96965650577342	9.92470230009777	2.86307710463474	-2.39013992308109	19.3832548321537	7.96562530814526	20.4925489684729	10.3707967229713	9.61331195233118	-11.7846958678698	23.9499981242171	23.903114050979	93.1309844728776	129.361515454604
806.452	-28.50974717057	-516.956946916188	-38.3752362793347	-62.8723073745729	-16.4672530889649	-32.1591638710607	0	-57.4757406953771	-52.1557453063123	-7.18871942519266	-26.827105722245	-4.99590536641659	-40.3517317270642	-17.4103289597369	-30.4792846167422	1.45869426323613	-23.9959780990038	-9.68706343403797	-6.32931763349814	-3.27897175497094	-6.50631041025073	-3.05525587629391	204.570135179048	-6.55082391496761	0.520002204018173	-6.62836458312085	-1.62045565650645	3.09006788868358	8.52276847859918	-0.854678343343263	-79.6301003771995	-186.559524472042
820.768	-171.05848302342	32.6008885442641	-8.3424426694206	-30.5865279119544	-24.7008796334474	-8.65823642682404	23.4538797702257	13.8734546506083	-22.6008229660687	18.6906705055009	8.94236857408166	-39.9672429313327	2.42110390362385	-22.9816342268527	8.20596124296905	0.972462842157421	-1.16109571446793	7.26529757552848	6.88778683645385	2.18598116998063	5.2550968698179	-2.82023619350207	32.4008599196629	-3.41782117302658	12.7400539984452	10.4524210733829	1.0803037710043	7.55349928344875	26.0168721978291	76.0663725575504	22.2964281056159	216.239448819867
