Wavelength	800	782	764	746	728	710	692	674	656	638	620	602	584	566	548	530	512	494	476	458	440	422	404	386	368	350	332	314	296	278	260	242
247.926	177.002305695784	46.8758719196274	16.7522207039414	-6.82892707590789	4.13416990511371	2.47588206330388	23.5321894793391	19.8616989659778	-17.4334511592905	8.65464685123853	4.47676749381055	27.0301727236044	5.65995210925241	11.8595549184805	5.28702950799241	21.9535397165205	13.9772124774589	-5.12760559788696	4.85467316533689	4.07405860008981	10.0361664557852	-0.235936657398132	1.59409288304193	-3.43276410747458	10.7158824152739	6.66283630072952	11.1241123053724	21.4026722377946	38.3350699982969	315.599705500482	285.319228115145	14193.7794176145
261.377	114.97699908902	-104.318029082491	4.47366692080668	9.11829712131909	23.5525698649536	11.0197048719389	-71.221523468141	51.2724887750173	-18.6223558404928	-37.2362643205885	-19.9252853329577	21.3878093408179	-13.6753459925166	-12.4199392162163	1.04584957939866	-7.81689991316048	-5.52978256263483	-2.16208879988383	0.332419621115966	3.9055478261284	1.116729205599	-3.15033462805139	-9.64922739379166	-2.80107930772246	-1.1632795479129	-5.93101672590203	6.52101617888597	16.2862908490211	182.264963647826	203.620813043283	32114.3143863974	7414.58729888055
274.861	255.819604973207	208.105131950459	18.5928440223702	117.133778017675	23.3591536294409	58.7054701640578	16.620386979169	-28.055963357608	26.3848957893171	0	9.03390022762809	44.4445474029965	17.9480864232365	14.7815344083508	20.1524984615943	1.4767060363422	0.391740813843352	0.816888950188805	13.7527726560787	0.474303067047388	14.4299050978821	8.5699576908092	8.36368603129287	10.6793591796144	9.49352150031467	18.357980268511	24.911716625077	98.9180180294686	252.097102661499	15461.7618407034	467.400998309317	172.129568539575
288.379	-103.636392819115	-46.1595713286079	-56.0871937399871	-26.8983025637329	-9.77039160514186	-32.9136563289181	-76.4695764198824	-7.82327856599093	-30.9006974975847	-25.567190899742	1.1020897318265	30.5604087416957	-14.331763391522	-8.24352811096397	-4.62776843886423	-1.44120481171729	1.91161521644331	-0.797250269638617	1.47091996914527	-2.31450216095196	-1.72949102431168	0.46466271538908	-10.9881371349752	-2.5352315570515	0	12.1126575966425	30.1906427769283	235.231140224639	739.885881157546	281.138948885021	3464.63884840801	83.9957162471332
301.93	94.9994392618463	79.7896227242305	11.0890661337888	17.7586405315722	8.60073466010443	8.19450162000867	-48.956410193192	20.6601574954559	-21.431435879516	46.3768839935878	42.3339786934987	-44.49461590807	-12.9983487595204	9.23574752776359	-0.555512418906668	16.1467318333223	-1.46859689381117	5.61446321005177	1.23597371953854	2.81534791651797	8.77877940230767	-2.90043623517467	14.7728485686754	23.8050958368526	14.8292736910938	17.9325504983109	201.150963977817	152.446598775509	2433.9393660412	1837.00908216165	107.620234584088	72.5958486713313
315.513	-236.716301437249	-66.909570384844	15.94116325224	37.365254365482	-5.50762015069282	5.89003106840842	-4.47857607421002	-58.5902987409854	-58.0629419598001	-50.7864022828117	-12.780075439974	-11.4317817914889	-3.84708997980466	-2.65538246990773	-12.2981427285752	-0.464236906948966	-5.1724193233344	-9.50189789861243	-7.28480832053908	-2.38573130612125	-2.14880990486558	-5.16381746053468	-2.73044700200778	-2.44992532680193	7.46127351838476	101.200233674725	178.405064458169	12565.1225299909	124.028874007695	302.774902146479	105.246521821083	-8.11694032461666
329.127	38.1660582647628	135.568090571573	25.0595788187832	30.6460927176372	-18.1405779783167	3.70366190894187	82.1373152492168	87.1523684666421	38.2486554066271	-38.8393530774673	2.23225942890699	31.9481089927717	6.45081854543294	-11.8271066460431	0.585840439878038	8.27086789904946	9.67984041616005	0.8074067746961	2.42069528126439	2.03145589681476	7.25631261537974	-4.23524023480733	13.0357972639312	2.2822479409434	58.1244783383189	209.3051042066	6825.31666032541	131.851540277633	2014.05602189228	141.502655990645	81.5250993232829	212.664432130352
342.773	-62.5622270995711	23.5782197910073	-64.0394555734125	-15.457051063256	10.8131771412168	16.1895567585108	16.5711262144061	-29.9708667464742	-21.0453553856102	-21.7661194678076	23.643702779214	-13.0924238779263	-3.25361645855658	19.6502983659261	7.09156551411491	-1.4723292628789	-7.03043536820371	-6.2442530773615	7.70126653313273	2.36448645803889	5.80533584107564	-4.98432514974721	13.4705260905198	8.9210517136985	194.040369550983	853.30725382102	111.906938121869	156.966290347031	75.3142353961147	100.350643729652	45.1503080721841	68.6477591424451
356.449	-295.649135013245	-183.476783628715	-91.4526760945995	-79.1321854674414	-73.24279868782	-63.7555688392679	-145.432593759654	-124.794197594415	-95.1716068130901	-23.7720287260051	-70.320596461037	-46.4029651858678	-32.480857504469	-54.6111376982964	-46.5916523490496	-36.6828494561732	-14.3968914431823	-22.516153132514	-9.61622941987799	-11.4593618941176	-5.42719369698356	-12.3940647625422	-6.23943668690448	134.951077134539	100.415574496752	955.526043412505	53.6575574724076	727.139582137672	13.4717338891661	14.1722456165702	-74.297074701953	-175.720685211993
370.155	0	-38.1202174224538	-47.6811191530129	-38.1795836080972	-22.6933234953569	-17.6174893101522	-78.939123442483	-50.4745466562046	14.1771645283813	-2.93254118246446	-37.5434787025958	1.01765619278919	-13.150756069459	-19.1469347110635	-11.345897319681	-4.4632434177498	-9.86674940611493	-1.64599414292538	-7.78191582298907	-8.91985867611134	1.78534407868525	1.19917191798649	65.7893627112632	116.31580453701	6090.46575490212	51.0573052732762	549.673537738926	12.2817535560431	6.8767718654495	5.2449070793603	29.3291560512739	-4.33541581103113
383.891	182.792767451447	-62.690135961571	19.2032815405818	35.8787233679756	14.2171530618302	28.3813478601763	15.735559654897	-22.7677156275894	23.3148820213778	23.4244196299316	-16.0367967206174	21.9955441156798	-10.8134572903332	14.661012603236	-10.6621464359804	21.9034091477822	-1.48354209880092	3.09359940252482	0.356729037214082	-1.04778886932964	-0.958715332157133	11.9451912925982	125.476573823315	7515.34304935732	37.2007904767826	33.0477107513747	100.303084857735	19.4558468939184	21.5411634621052	19.715308801974	47.4673021709739	138.520952183169
397.656	-20.185446251082	-71.2054138878673	43.8253336328085	-23.0517349538615	-6.27988914384606	-20.8939766327469	-11.9152933264334	-6.70451763809818	13.2408854966966	8.52093577936188	5.66691827484099	13.5174941551185	-2.04704373903668	12.9518945859896	10.9064410617137	4.9404264459023	0.327649279718001	4.32718800027281	-3.15143094873171	1.05787672389094	-1.90564291677872	61.1258552829195	1458.25695405776	36.9356117525584	28.452795611437	627.155079724976	9.84557567660174	20.1009486006906	16.3657887715676	9.43419890554234	16.2324261338139	53.9879881899869
411.449	0	-149.84005327039	-24.0970267420498	-17.7359479062667	-44.9309703629385	-1.9785567983287	28.2079915057272	-19.0465451151841	-32.0427494458641	-36.8864319636761	-21.4651712794335	-13.6004270889976	-8.39994876800878	-2.7874561361495	-12.2056564364217	-9.35668159584594	-2.48214199239612	3.66630424701972	-1.0444875253696	4.25746816305547	42.1061688434023	47.8903165198275	296.052215216328	21.4886502162012	110.488816911863	22.7314606258853	-2.38502404404159	7.72418934214083	8.64982149479836	-3.43604701699437	33.3045028067376	-40.8991750833963
425.269	-119.59190992214	-205.962433646008	-64.7221930354664	-41.3859686384493	-18.1646476085446	-37.5120338398	-37.4362461045654	-109.837317451912	-81.8814870274289	-69.9340592708638	-48.3270255677523	-46.2621224713755	-15.9257071975036	-21.6677585843149	-3.11514256606269	-20.3266304933147	-9.70605322733179	-4.08885462543974	3.39475590895428	3.67981749308585	32.692412767801	2887.97672219339	2.65672722318298	1.08353608996057	254.225885535314	4.46502909872617	6.7827546869818	2.87660120908926	6.49144823326169	-23.4522053401675	-57.0715356340405	-103.389247559583
439.117	52.9117505194236	27.6517751739642	8.64677378574904	11.3297066276144	5.48712049819902	28.2973211005352	1.73518589144726	1.46453604991563	-8.99839556458466	29.7810361347488	12.3788265665366	-4.42914581554679	3.57725284758735	14.4032723137124	-21.2250624184107	5.03620903175869	-0.858861217664605	1.79096538747803	2.61591676433819	23.9170681025675	4107.92734912522	17.2232175827238	12.2244867272081	267.253253321613	10.9850644584022	8.88111153744337	13.0040471601964	15.5270809584295	19.2880800432767	25.3637922644476	47.2775214838702	75.4761340191111
452.991	-98.3094178826669	3.32176791538937	-18.9938190261414	4.8391869694026	9.3747183001923	-0.877242946464241	50.0268915266419	2.81492169290968	-17.2954287315706	-18.3988438308488	13.4825921248259	7.09422541354824	20.6270510902276	8.89839953029618	19.1490389958681	5.53136032566839	1.65078017228883	5.92847008683646	24.3458195638473	1163.24003361954	23.4693857184209	10.1987086271459	6.55181375448038	55.3407816099027	0.185209820050862	4.90308572454171	10.7668698175104	11.0080083930439	21.0931381676429	14.6251959582207	72.6960709882787	66.4901544689282
466.891	-65.8988750649744	-61.3442365109424	3.46150088081702	-7.05528464137558	15.3763369272806	12.7897490344505	47.0036019989177	8.20802085649209	-3.60226310350404	4.96751184152525	23.1257916441375	-10.3430142127453	-8.35365973170429	9.60993102474303	3.64151866236168	0	11.4989272873847	15.6138895820973	102.883905455017	62.7048107738671	8.64069497627685	15.9254716652648	246.600629264734	7.68419057645893	10.2610013355048	5.82465948027035	16.8187929101687	12.6015215520255	25.4719382351673	17.7689835561159	79.4903373812918	143.940040248039
480.816	142.313804187998	34.8625536765825	19.2547754949809	43.8624849451972	9.50351774703426	30.1314207907654	46.1399889700775	44.3146666688199	57.7559326444403	59.4901532716617	43.1316979851423	22.3365527550359	14.7603152243755	23.1117430779645	24.6251035943378	18.1414452305596	11.2876536189688	33.0260579598358	699.128090558535	12.2893542864983	9.33013023127969	20.4184393200218	23.2800830784671	7.54300635193773	13.0765432430481	15.2470427936038	12.2906106923148	27.0739393867571	40.2502347768259	41.8620192711643	146.305939891785	6188.16098741478
494.766	32.6086209923617	-41.5382259787796	-36.5407618428682	6.98230744112131	-16.3444965637823	24.4710829530404	8.02024387731124	12.1846802821529	66.5467162112904	-35.3961343783399	-9.15463487506862	7.50642198478466	12.1253038570139	9.98605600328061	-5.60599226188709	-17.2922146451897	6.61627135204647	2462.8159022576	5.72735886671038	6.94260590835919	4.78873857849489	146.993066981984	-0.651958732338486	1.55994014578197	1.78155533548165	4.36697833484726	13.3158605336669	15.5301439115883	23.363944212737	31.6533382196063	76.4828938095623	918.664745065741
508.74	-67.9669534624935	-82.4563328608732	-30.6011296912866	-16.1704396795585	-22.3758538874716	-12.5629758881371	-81.1958480235792	-24.1874569622157	16.5124955791307	-16.5900743236996	-18.9297930473338	-14.2234732629644	-9.29961452501328	-1.88790775214292	-11.525732398992	2.31042241851955	1943.00981516118	10.7724461792481	0.757947646212919	4.77054225069127	33.6104528487002	2.55397542617149	-3.45115853994139	-3.09659213586416	4.24381685903252	-2.08050302018199	5.50686046116252	14.0129273652811	30.5125598414949	2.90898738996486	343.772877715549	57.7093309012384
522.737	89.4652664068984	-97.0577638750863	26.8536210683994	49.0320631674508	-14.9108125160932	7.44152072951362	12.5739448788277	-23.878559769758	2.3288021511674	-10.5976607952634	3.73760826048001	-12.7045090285204	-7.0206495896168	7.92113872167155	9.41672082327905	152.495533019976	9.33554755952138	4.32604947843261	3.74133961265861	0.941923563483645	73.5684512074598	0	0.85177097782164	-2.6749149548882	5.76072642457195	6.67528220670733	7.97358104839779	17.0618947857456	28.3155118762229	26.9952660203605	2053.42511514467	649.484527728447
536.756	-70.8993992582798	-72.6306398056447	-47.398473085527	9.20079057636	-10.5831412540117	-2.50186509202068	19.0233175545078	-42.8162914953659	-29.3606761642179	-35.9536097362272	0	-31.6975422625744	5.44700020229073	-15.0387632487672	3.56167599487849	274.094780965152	1.04621449490526	-6.36314370316091	-1.38363649662348	46.5516616788173	-3.38049684535884	-3.33777757086959	-5.79895925895488	-0.385421010014226	-2.11284677911546	-1.89898334300686	6.21445574972296	10.2322622540028	23.090514083475	43.4484675578762	107.98258330836	307.426419253408
550.798	-119.595697526368	-65.1051299905838	-23.266884687096	23.7114621428003	6.31606888274601	-11.1758140202635	-29.4151249469673	6.89639701652354	-36.3195517468828	-11.0186056941057	-9.32656346494917	-3.47608923543219	-12.3530230858481	2.42228549878559	1433.12222256297	13.2127282686965	0.269621128568381	5.06011785327318	1.4263141471073	26.7685524294021	3.83324343872731	-6.06223827371251	2.65681136458744	-2.18520032020302	6.17104702045445	2.13551633134454	1.69574237602684	12.9451154136255	22.2367615651562	864.121701053574	41.1859054297933	35.5411794402818
564.86	71.5213743455899	243.619235467123	75.13673034643	44.971105596434	5.88650712096141	25.5586148001483	58.636729310169	33.93649561998	17.3760381704709	25.673049995783	11.9518508261815	22.8073271362347	31.0847825154346	2078.52038584376	14.2196038960723	7.98838952563082	16.5847402397075	12.6807314269147	55.6980548829986	8.81293103654582	12.5038933647963	8.56653029907568	13.1647000661925	14.2560795948869	4.83789889051781	9.66943329431294	8.3059501533346	28.5084534063198	45.2726383326385	213.665945446509	256.76327894079	340.072969447314
578.943	24.6604171579781	-93.2048050436606	-51.8139683747207	-33.9454388101134	-20.0935853525185	-28.2609548355272	-5.19886775874069	-51.1928866167811	15.4059964943239	-33.9917292289318	-26.3742249255465	-2.94896913641682	813.970021849959	-19.0084354567038	-9.08476502457842	2.51486837717148	3.4310298131997	10.7319823839901	5.91262429794507	0.346178711796244	-3.32587213702406	1.56373483520835	-2.3478416238775	-8.42651280677135	-4.61934611252897	2.64203769874014	8.39181647839387	8.13488595449192	44.1727212933034	10.1324784080666	123.944002453147	28.2671759867662
593.046	-17.9821794463237	-169.155342802193	-56.6734985364353	-74.4415831254482	-18.0265010433038	-34.4347397672141	-28.3059309281672	-47.781688953391	-39.3187540614088	-54.2204638534248	-44.5939087588921	-1.50525533680574	4.8629502519728	-30.418835620589	-29.5896038528984	-11.0029317393486	-17.221271015442	47.8815431141903	-3.50931037936269	-3.06282649115314	1.13175973302362	-7.44971804501831	-9.82703716479223	-1.07529553432919	-5.69819364374243	-5.20169259041846	-3.46757252061418	5.19040719436943	556.731264720356	27.7993155917595	10.8454773289366	-16.0317104958118
607.168	-103.349756661595	-133.821320332483	-11.6329302184687	-55.3243094169302	-28.0701815023154	-21.9685817896206	-83.520751966005	-45.9739561647273	-64.5652495907863	-53.4211909587526	-31.0871763094396	291.978641784895	-26.202228783243	-16.1478591027755	-1.81302354295757	-8.28111753998161	-1.49782921867121	-0.624678407132586	0.144065793756596	-6.28682678200209	-6.0012785588847	-5.64327668153471	-4.18183378874477	-0.88287035303039	1.20995595291234	-8.69986871954601	0.628025083849653	14.6491770586104	21.5746248059167	71.6586311701734	44.5233430833257	-42.7791660274415
621.308	-19.0388221936985	-22.3868754642494	-17.3343919546822	4.07667990328034	14.4788434257132	15.7656838925257	-11.238451119978	-26.8756013554842	-20.8145728299347	-2.29625952437318	1413.75563447368	15.9370496769339	-25.0999119222346	4.44224318896841	-15.8979459416262	-0.776631337041803	43.57426327959	3.007335782414	-3.56689861055147	0.997784572037007	1.19826255695771	6.38509279617961	0.507535574126405	-2.27696098182991	1.87231736917508	0	4.96709215986077	148.650526010968	34.8210564447913	70.5018679400747	44.6551915348051	-23.7632396619319
635.466	-101.319592162608	3.81849515897678	-50.4913514885062	20.860591957417	-12.7971954581023	-1.00842323414626	17.2523289987958	-69.5709183536712	-49.7043385978011	923.556634436797	-0.911690508514176	-12.2326120103797	0.658654406815307	-4.54623981961984	-6.2209321202664	3.57665816963025	-4.42781010984287	-5.71580291256249	1.82520134603454	0.127642942986041	1.63508651494777	-2.88289992443652	-11.6868916498503	4.66053308788784	0	0.208751055775338	5.74642498034713	179.969607957577	17.2670472814328	30.8223740725059	61.3693864614828	93.804005529981
649.641	16.0941050807646	-47.3107950804425	30.9973600934817	10.0512520884883	-27.8168500764351	-57.2653987354392	-53.4386825136844	-38.421460797606	124.632680831841	-7.27912191113646	-18.8262657710848	-8.42005054095583	-11.5609435202726	9.38791380451462	8.89347260447609	27.0810574090806	-1.95929106737076	-2.04283440297699	-3.76901210501674	-1.31790335975691	-12.6616048709713	4.16720013682438	-1.34073598065722	-1.44358914118519	-5.9352291158309	1.93980442781146	3.65116224802843	4.93576954828838	29.2077230329273	0	-57.9707788624766	10.7613220958907
663.832	4.18399425918953	98.3953287347913	-11.7213127329721	-23.890560929795	-2.89262535430173	11.9098563533372	20.5814617844959	17.3712182031485	73.1877653706994	13.8772900797446	23.4925235085749	9.63144884254683	-2.82871105776032	-2.44058164568596	27.2307106116291	0	2.37700440659307	0	4.7358564207312	2.60388263182442	2.41387307170602	-1.03176147337773	-0.836524670568457	-1.75135680810908	10.057977033267	2.46542820881809	219.264013609583	5.73645766089565	37.0782363819781	24.8198038673139	22.4308071309727	78.3335681013208
678.038	90.1533101296439	151.438759185894	57.1269668041771	55.1544003661204	30.4219715901666	35.549632792867	52.7943598365471	527.586032224181	25.0315956567878	38.8333215252829	27.117740161272	10.7808123202054	26.1217579040114	18.1552674047016	45.8641828640008	4.37801478126148	18.814687490802	9.68737666281743	5.36193827382299	1.54679155224562	2.25160936984385	10.3747271831552	14.305360468746	10.5252338589342	4.69093333763664	12.4183740776957	19.7220342975726	6.5055016118859	24.2836390048667	37.0422147546202	53.2228277483028	179.886169844494
692.258	127.913376277876	38.898480184115	-9.26753854960424	-6.2964134772415	36.5931940781947	55.928967602817	1078.34937303976	3.66258030464238	65.9034258262803	10.6396870194838	10.3191829657801	-3.69220505732752	-0.745513446906622	0.643221028227955	-5.41639077391169	-15.7434840976124	1.07394016706546	-2.48829448405678	4.47611011306136	-0.722378301991018	1.85071104229485	-3.04553940328492	4.70331824660198	0.791270061542586	4.5786605631739	51.9815518665825	3.75243805648473	5.4108562648618	-1.24749655333547	2.37866095898147	23.6467677322256	43.2561820145701
706.493	-22.8870823283779	67.279668959118	36.8674797134384	76.7774297924447	21.3611834081578	443.011283655378	31.52343973569	43.7106695669505	10.0087040499051	9.66138455753102	6.42538309488811	21.0741936002206	-7.73673896898391	37.3809835440203	23.0460399013791	24.2738471103787	-11.8880677834311	-4.90634226168292	6.25313667518845	4.79785512230997	-0.960309186954532	0.677266984272166	9.76195552555242	12.8648225568492	4.50152654793374	83.1244378597031	1.55767190307649	23.7822004650636	6.04155312157703	9.87404265434136	46.0124671870949	12.2427566384022
720.74	4.74739507621331	65.1261747257386	8.31228768912782	-76.2400500798962	-15.5901428013095	-1.228508408422	-11.6764417305768	3.94207212805445	-81.3128910910959	1.43145030832386	-62.1971880348823	-10.9283832575727	24.8745129407471	10.3845792173157	-16.9061764801531	0	-0.770595090100968	1.87472351764987	-10.7471378116984	-1.8660073281652	-1.24496185238344	-3.04380586857473	-4.1130609596359	-7.09709957625881	8.04051658360827	-1.27155155991664	7.26981647903951	5.82375917971939	1.79025749925153	5.9737458312516	-14.3163307385142	152.368576519769
735	230.816707258316	-48.1217644175942	3.43949407306521	49.0730101777417	89.9738627206477	-22.8751866679524	118.372440163953	26.5064722481652	3.57936138707532	-4.44233738848483	42.510719529538	4.11090302238723	-1.66011011551837	24.3495292786513	11.4581633545942	8.01316724348696	7.57292840745885	1.66228102008546	5.17538421410995	-0.643437100345948	0.772718487246159	-1.69545257418957	10.1460616309391	7.34167080153633	100.079493394436	-1.84151821510903	4.1779664748332	8.85948553919138	1.38896330834788	22.9528203079923	29.6193638651164	131.34942395446
749.271	-102.877059062079	-55.4438512204069	-9.00645193634785	525.012764213829	2.66717134678213	-30.6153436931028	25.303097093609	21.3563849560795	22.4944801373888	15.5099160223386	-10.83074679417	35.5230577546257	5.21647718420509	9.75156156180425	4.42159143407818	-6.29483907545148	8.34947959086848	3.19201587471399	-3.21231389992536	-1.34789249702979	-4.04678814259902	-9.13291190315326	-1.37124467848621	3.07591308730348	0.843095328288978	-1.92883545567594	12.5447297248585	2.59827848148006	24.247037524015	22.191829757012	1.72354403402535	128.405643234383
763.552	77.3866529626374	211.239336234102	882.669371468009	47.3439570256208	1.9107731971038	62.9380760075833	-40.7863107573336	29.8346244684144	-24.1727156643851	16.6670573268026	10.3455923839244	-42.800378429997	24.2911956867348	44.3346196361344	26.472481901737	15.7837756842583	9.42102571858026	13.4088118166573	-1.29449008245665	6.15592994285247	23.4830072110568	11.9952395926997	22.8400019254473	41.6479939688162	0	15.3974912888516	4.38904841835783	16.3538871327552	17.1969767039133	23.8474855836772	37.0426341174189	88.704993281672
777.843	186.036453137018	546.879274597084	-81.4335279829549	62.2421536624991	28.1350195443176	-28.584094029286	42.8967577866056	16.8960547527307	0	1.75294776087285	6.80057172387733	-13.3828501415142	19.6523995499103	16.1080861293466	15.7058982173882	27.8651106268787	3.30283577052589	3.93561974782033	5.67280076055926	4.37978339282595	5.18355437696923	-0.286725484519125	13.9481623031953	54.9276064615333	15.246009748065	-2.80284562048153	4.94588074020103	6.71223521361558	24.6638415494154	22.9913291432488	81.8146734876437	124.393259751813
792.144	-152.035956805116	-95.3451145652109	-38.3331046214948	-10.8515453910896	-52.5554095173627	-77.1125635649512	-14.9575837872201	-113.620844346376	-82.0000650245009	-60.511949427334	-15.6504322382969	6.36332587077073	-39.0595662682723	-34.5870227452345	-11.2018457272089	-17.9853602765457	-15.3006141621333	-7.89074395660947	-4.74728984076828	-1.19518264222174	-3.50856601924705	-2.39946551483118	-8.91652029982502	-3.27291199174606	-6.64512541256272	-0.97731857543989	-4.48387981784166	-17.9924071944366	-4.58665870367533	-28.4232003484594	-10.1884975600117	-32.5308257775395
806.452	153.083075196354	-65.6262206874783	3.35044414078828	-73.4109660660098	-16.5366796204548	21.0449975380829	-152.959231615704	5.95850968979335	-26.1501767389358	17.3092937024771	-12.311110607979	-23.0257026904779	-29.1083251332981	-0.697620877557676	-21.1481180319696	8.78141588660821	-24.460121835553	3.50836172487002	-3.54764577466926	-3.60397491546406	0.25090416139463	-4.24685983316638	36.6641363099644	-8.00978291744069	4.96589672902935	13.5819355361025	4.34111699721851	-16.9150151556764	-0.902001647018749	24.0784516458133	1.60291701188284	-25.58974654618
820.768	-129.163844696924	126.564854182994	-41.8805517598535	58.0458801452171	-12.4025097153411	0	80.0094442297528	25.8202086557712	19.1767962752196	41.8307931143196	30.2181805832212	-16.0178801325063	41.236793938839	-13.2547966735958	32.897072494175	-1.9514257525796	3.10604721721309	2.15899183068924	0.373436397333607	-0.783472807709578	7.77802900323352	-1.17968328699066	6.37637153216772	13.7310564298983	-1.04545194295355	7.6878880393033	-2.17055849860926	12.7725624644903	-3.15700576456562	29.2381198556304	12.8233360950627	106.623943942417
