800	-1.75143365245442E-5
782	4.847698292357E-5
764	1.46551628863233E-4
746	2.38532673959856E-4
728	2.76352362180633E-4
710	3.22201021535229E-4
692	4.81759855702906E-4
674	3.28513435780585E-4
656	4.15868219823153E-4
638	6.27813675008472E-4
620	7.77706961286302E-4
602	0.0010348558738492
584	0.00133770370804466
566	0.00164031357249706
548	0.0020725573433256
530	0.00265710917484066
512	0.00343469816270069
494	0.00430333659286052
476	0.00513838931814854
458	0.0061631006975831
440	0.00750221491762936
422	0.00937038345037626
404	0.0127129093525798
386	0.021752463473559
368	0.0365837330976328
350	0.0495005980909998
332	0.0566886894816691
314	0.0673245788442867
296	0.0968581700493221
278	0.169524258650171
260	0.166078060244908
242	0.171413187416627
