Wavelength	800	782	764	746	728	710	692	674	656	638	620	602	584	566	548	530	512	494	476	458	440	422	404	386	368	350	332	314	296	278	260	242
247.926	-19.0981097112732	88.9165762852237	21.7378130286933	0	28.1102037853312	-6.1894492888141	-32.945442516313	41.7803558815653	27.9420913721946	-30.3258738559617	-16.8235486458333	-26.0828471636737	-28.3324873359505	0	-10.0035018129645	-7.81636142214838	-4.27717526929552	-1.89105802862936	3.92567622016438	0.627986432519232	-2.01189412869226	0.472955726988082	-4.79294689223114	-1.71915043703515	8.63304392568675	6.158742890418	14.4150747348608	55.6514961286962	105.261491330478	993.031801896154	759.216263607292	46456.5904708248
261.377	106.252805691653	8.33161382985554	5.95391312641456	-1.51879668439395	-18.3990369352537	-16.5288740106339	-25.1372961201139	72.611716355715	6.21826065526416	7.71285710551184	3.99352443529345	-17.8600080303704	-2.16176220316518	4.3544870543738	5.23809221005098	13.4808212240524	10.3837834424802	2.64526695332146	4.32651821061878	5.59010887676063	2.6863734578121	3.15756106044921	1.13773561893136	4.0808686816177	8.1505714832263	9.13715156851943	25.9056689870983	76.3084539682182	743.969843033906	778.161782233705	90592.2455655096	6277.04559543128
274.861	-52.991209532637	141.654749511061	28.6815206230529	36.1517799062107	4.17095818654591	61.2010452498239	-21.3693136647804	16.0591879884289	51.0996209370339	-33.5121753826615	3.39491072858333	13.1584809382482	15.5185455283475	16.9223609675678	8.90584531500638	-7.8865196068811	13.7313475955288	0	2.64060823261196	-2.69289826085308	-4.05990502126483	-1.19300222079962	15.4750959322682	5.78193735618798	2.90351083280558	10.6156219486656	45.8287756232232	407.705184639477	1121.31971920706	55172.1529588029	531.201093695826	327.516022837125
288.379	4.7015688527917	13.8249253117186	4.93976352997684	35.2826614578161	7.32723287368718	18.2846087485056	2.31728642584238	58.7741697524785	8.59847312531565	-18.4862911958079	7.73102000867874	32.599279124286	27.1024145639443	-13.0747973751893	-16.2245841093426	29.8255696705979	-1.14867726290861	10.6409209056537	3.12936709665769	-1.7005733265329	-2.22879463523332	0.931457174924097	1.57323561771472	1.4107337096398	13.3957107832466	35.124329331837	104.987961613101	1147.41924263287	3022.39726999602	1554.56441690469	3406.15215748226	904.251155579923
301.93	-27.0898244342915	22.1270584374116	-4.7437118319392	-38.7226814988928	-7.81825127803384	5.85297348319773	20.0278516827726	35.7462911785867	-23.1201958697433	-8.19350696651405	6.36358936135436	-13.2811056592741	10.7169015757217	1.9825071414166	-3.89516376344344	23.0982566078234	1.83848001699947	1.2773248682998	-1.23742182048232	-0.742309163107961	-4.75630481677845	-3.57795622791912	13.5971666092989	16.7988235578654	17.3169976612587	52.172763320451	823.286985943578	691.657641131322	10115.8295457133	5302.81031730933	1775.88472327058	2447.57143584413
315.513	9.08673811362115	200.396101303557	28.6412933292237	1.62359332879341	19.6685665245717	10.6016176563516	96.29048817983	18.9321729656676	39.8839158143697	35.728517873072	34.1526140958263	22.9108136894915	23.1092333000269	9.30989144820219	1.67985583361417	6.0433204786829	2.22005245311338	6.4267950088098	4.2692741872112	0.298791259317207	-0.239311054027606	4.27554731926601	10.9461521863159	22.3575446803312	47.5478628537411	477.147898008379	812.418805641274	20897.3453000371	1123.31260125245	5093.57383622468	3094.50669353824	3665.99919593404
329.127	80.944889824626	42.003140474605	35.0188527238196	57.852039522159	12.3676292696075	34.5660822016222	65.7106046255303	101.188961474495	19.1576278857229	53.2851111260437	24.6070273748097	28.0123666607103	17.7602658413701	25.7858115628119	18.7786010066796	7.30778953862589	1.93885123933999	6.73530003329802	11.1855296986543	1.25253646713156	7.27316192450293	8.96157228053635	14.3394995257972	48.5759916632402	214.452913422659	883.152929519603	17216.5852985465	659.096459340465	3350.59164780715	4617.46095899489	4062.6190643853	4097.54185917857
342.773	-124.880718566349	-18.8313203213214	-77.3787975950831	20.5969317235717	11.6440687552277	-19.9247846352577	14.2039851137094	54.039118098965	5.27050013803175	-46.4874427172025	10.1545459032643	14.1286716667818	8.95779238601169	-4.21805129734299	-4.14374309744376	-19.6578623532972	-4.30277558386641	-4.89182564316969	-0.7522233707014	-1.42142656475669	4.80684796025595	-7.85047764760952	9.3218262577872	52.4596837426668	841.101543411949	3371.69987764235	209.311992732236	686.072010777769	1649.27172838384	3667.53077423435	3812.34326357674	3424.42906406216
356.449	260.648016807894	192.813432027273	-53.3927577951005	3.51485807251726	28.9542391228442	45.9021119886732	46.0541820387896	67.6261934978523	32.3787138482326	22.3117405526023	-11.5524610234345	-11.3663885117714	10.8394731515109	0.719808748785179	5.45498808051148	9.56062785265542	9.61222142004778	10.017456822405	5.19884787231273	5.33644911091164	-6.21690943297965	12.6660733688034	35.87451335318	668.465504248048	468.864575921905	3583.9063744612	228.041346315225	1192.3788898568	1315.95538494677	2678.21307216863	2972.63927983246	2683.59023073158
370.155	29.1204221144889	118.928286783901	15.297872225488	-12.1406991668812	14.2872953105224	17.6167610400477	33.4897085742247	66.7394776378733	26.6284696437662	41.102485407179	22.8019698953008	39.7706124237802	6.58298202182731	9.23481784657976	16.7485490017353	13.4080134570995	4.74309290034148	-1.09845641657653	5.1306804859265	1.75549249820706	7.1579587393787	17.0673016682415	278.360881290309	567.662876809366	16943.9451711263	195.64020926562	745.378633921022	549.896978360179	1179.76015707056	1940.95544376103	2142.32379322956	2097.01413717983
383.891	-22.8045871350389	22.3522348800152	19.1679452324014	14.6687788589624	5.52846970546638	-5.91253638223052	24.7275911749951	-43.7121827481402	-6.67299399852438	5.51792556685293	-3.21417427642493	7.66643490889149	-2.31984907158018	-6.0080464922524	-6.18326181566169	5.13332962286931	-4.82869229653391	6.96774738483369	-5.0000578712825	2.09961720307588	2.88282446741754	50.8270411321076	543.31685388921	17417.012852872	112.956249153157	271.362774027067	488.970281977109	726.763031805804	1336.09200991022	1633.93550878268	1613.0280473528	1811.51940975282
397.656	56.4091530783874	-94.7832342319942	-8.46671416220213	-35.9965430136302	-25.1176340587668	-3.13396693792796	-71.4925785918556	25.1846111861004	-57.4770783241696	10.968006267435	-75.7194563765515	-19.4715550008559	-17.0784250740637	-14.7434838349967	-3.47610050614747	1.23679310594015	-13.1254893621915	1.82384511290954	-9.14985743156712	-0.132489487698273	0.212229762149707	249.05555308929	6096.81576002376	81.0025311336583	148.578587770938	923.831644831945	568.077231457793	931.993711277443	1450.25795747058	1316.99217376134	1216.38722350329	1639.98830953233
411.449	-34.3393025742905	-97.2346482432272	2.67252059601967	-32.7234771541538	-13.8746788723278	8.90313754020824	-37.6110860106471	46.1072697964507	-12.5602997455539	5.77009019977926	-9.85910751900943	-2.40503539232787	-9.70345701892181	-7.81835817273544	-7.52387696252012	-0.780788151180597	-3.72875781361601	-6.47659348913159	-3.73468312785717	2.25829848554049	117.970061541976	161.386399320049	1041.55841397244	85.6352958187423	275.539578367692	478.425301803481	752.465618021794	1180.87969721286	1560.3316890868	1177.61255648717	1008.19717588372	1873.82538202097
425.269	155.528330592252	-10.6355767993913	-16.4674559830903	46.5310441201171	1.25263844024079	-18.755241585449	-28.5231807825743	18.086092535866	25.1364063845078	10.9396818436374	-1.69928806508089	18.9990689802973	-7.97206210900124	5.29394738259773	5.34927644223341	-9.9921530239318	-5.59665614741628	4.0930539932971	3.82357496107172	30.9224773402677	143.266166128843	10136.6581460887	71.1654746827247	122.202949652116	496.64005084854	583.387997685381	935.009842509145	1357.19683890046	1559.56431219955	1109.15804446137	971.542500316268	1879.85780185004
439.117	17.602893768878	3.4507444818886	-13.5627842425295	-18.871419336561	-34.1394700473252	11.8661279848782	-31.2337036908443	-33.7414970402611	9.01406399582787	-47.9170656009061	-20.6752147450033	8.13688175633929	-17.3100502284363	-22.1575166825458	-16.0541948262984	-2.52154289867788	5.16084170202876	-3.78481004663648	8.68399176914653	72.4683334689729	11806.46856264	41.1515470948393	73.0393202689104	399.308088040394	317.321562613054	704.272729562339	1083.97782577211	1408.46325116146	1478.0417362602	983.714195859685	874.646316822639	1817.17891436299
452.991	-81.2010343303255	-39.7951644794932	9.47943407687476	22.9722303688207	-7.03050060701518	-14.0353069292545	-23.3461500399678	-60.6235302587297	-3.71261664615715	5.11662938612074	-24.6381429167754	-12.79599556019	-18.9299961602201	-6.93293168612265	-0.416987523495084	-0.692364150359098	-4.13309652499125	5.16880926969651	58.4189435603158	3523.48131673543	39.2064702019822	51.6132416583875	98.9492989953194	210.146861564036	345.368554327798	737.92598207844	1112.08189124528	1351.85866603987	1279.58067654545	886.787149410466	899.706322852536	1734.25419413045
466.891	42.7508299658574	64.4658825102515	-2.30342087332641	0	15.3751601046258	32.3993581769744	81.0416210771477	53.4426829882686	56.5337233677466	0.994637513884282	-5.40748340037794	46.985231068362	20.6295231186534	3.85061191981462	3.24238010917859	5.38363289773378	6.96319432793781	41.6798012869958	286.6098740001	122.191084360653	41.5716424804523	66.1282960592439	346.627265950618	176.429399565605	327.938347920112	674.465910390771	978.434731085139	1119.44922191852	1048.92190722962	768.200214069527	818.100932131902	1644.45054870028
480.816	80.7026049069004	50.6251432907259	0	46.1431010528824	11.1797534100873	-5.85864518185072	36.5942033813352	18.8320686088389	3.54223469396815	14.6454405518442	18.1993024611222	8.13916863085121	30.6493901707584	-0.944965832152537	1.59140338306141	-0.330294849698571	15.7736704860139	48.7680318441572	1885.98993189043	25.7937030149125	43.0182569453881	74.8261668334181	115.579893953875	165.632630114794	286.361092975563	549.993106634071	791.646573511363	877.562509701951	805.759696977313	608.509400823875	737.955929373323	21320.0502880704
494.766	-55.3266719921487	35.0894894701387	-15.9571661030926	-30.2383588182487	8.45340291898077	-5.0627733868409	-36.8935442890226	-23.054568331841	-10.7136306153899	-22.6400352573652	6.11605763880075	-11.6248083949546	-4.41430035053488	-12.8613914238627	-13.2364738838156	-3.99595997392492	27.8297236879541	7504.68192868938	34.2769914312215	40.9868249634148	51.5984748897302	223.413265639687	105.635119957514	155.659699037557	255.357290851433	448.141528456788	616.065095252803	654.77900934493	645.138348983223	519.555987179908	655.369789456682	3030.70850280705
508.74	19.3813021522968	259.623674721787	46.3828748073659	60.0252928749967	24.6115554951147	45.224843619707	52.5390915019771	32.3046761166905	48.4422260400654	20.5170366114958	50.8396393664063	42.7586029748908	13.6917189857513	27.4219453527613	10.350892329608	20.1611729062299	6188.37811968265	49.8965791618481	60.9597995148036	65.1106533828447	119.611178815909	97.5936671687584	127.761542927933	160.11941259646	228.849435203361	380.385995270329	486.339452055151	497.416019163641	505.839692876535	483.047334041498	1703.83923588346	994.026485858463
522.737	-41.4565324331126	15.628538388903	-6.70105180777277	-6.83754368026952	-17.1185115180687	-36.3792641062131	-31.4352221493711	-9.30186663983978	-12.830714442889	-18.325965258285	5.99287976793693	7.37044249798025	-18.3829330095056	0.933508297199226	20.0443758912507	496.287220927804	29.8663005250405	48.1767285287921	63.5524347454026	75.4991382620087	156.045079493906	91.6089098659757	108.202811557579	137.980312711447	195.698394159389	290.858595787262	347.697998509546	360.621176923971	389.848026381006	408.424162334351	8845.6586823538	984.184516065858
536.756	-51.4627571519089	3.15262130328491	15.7704180972552	-13.7928354732549	24.5064513781725	34.190742825499	49.1441330791855	14.7430792581739	0	14.5924415825035	-4.53336069109913	2.70323819337948	3.27197957731214	-0.9415461866329	15.4600329698739	790.826284948245	35.1003813728426	47.3176141612359	68.2554200925781	122.261798113067	82.6756528794919	90.0081044708195	103.107331269552	128.74522792753	164.074982524278	223.004289829864	279.783913561989	272.445415913499	294.599245311343	424.705226674241	443.33385134298	635.877053409467
550.798	16.578157168185	77.9967000232275	-9.28962834749637	-4.73942311010038	21.2433329936135	10.3157095712511	4.90257696196526	-2.7632405383368	41.2338321406968	33.0935856532092	28.8180061052952	18.8096739942046	6.7458046554209	17.4705796570701	4520.76468741563	15.9447738405534	26.7322437372156	55.1556493430072	65.6873217830226	108.261832502144	88.0200332809201	93.2770246410912	104.956261833433	124.558342537159	145.33688692992	184.61902088457	214.940941331223	213.637177069835	249.725287166248	3289.51896802037	384.555753031918	453.80104438885
564.86	108.772654624817	6.66343987697385	27.3803937657827	8.50289922089113	-2.94302829958239	-14.1007217989244	-26.8056689114809	12.7477843051873	11.1897605240967	5.14047664832379	38.3271868071187	9.99882669793577	9.22095703635077	6513.99593081944	16.7572397014589	6.26031969608859	34.3261743427233	53.4676342425845	115.119964455618	74.1042566168349	71.7957713425713	86.3668768156689	88.4912471779905	100.769461419658	124.971760488015	143.596129856874	158.585796344168	182.10507324503	254.085596059418	869.45966088653	412.525615390897	468.272099165835
578.943	-87.9013571654729	-34.4630976215463	11.0825624030663	-28.8989890271119	2.43539969659138	-48.3151190033291	-25.9946364480092	-33.698134199702	16.718890654765	1.06345522326775	-28.9081016279395	8.12642465344823	2486.46315467724	-7.20480403971128	-13.8668651233945	29.8598706163373	31.4979454356154	45.5582965622469	57.1305570261089	62.201051240249	61.1159061597591	70.5294822096143	74.5926092927464	82.9240225851777	93.2439261376581	118.676752927688	123.981491612487	147.130931997352	297.091506411865	228.963487181651	284.86991362423	339.693423710917
593.046	172.292650930491	94.9922158479754	33.9415275596296	-7.69619403445643	13.6742300209486	59.5603309097565	60.1507919852956	76.2813094545408	39.387217732533	56.4537110860261	29.5113799022332	125.194387544845	37.731447959856	18.3878996858414	9.73242213753244	26.4430940498624	22.8010101479537	86.1128168195314	51.8581084885634	58.7779906883276	54.2615451130061	62.2233889082271	65.819873594985	73.8842509835462	86.929544383506	103.018972162895	108.575208767093	131.231311687026	2550.63701562927	247.338849267712	277.541110304031	385.3138091201
607.168	-88.4129459618963	-68.6051880968961	-34.8345727549854	-40.8099023991658	-7.65491813471855	15.2818599335424	-67.1805045344037	-18.4207926367518	-13.4745153441698	-28.9695403758746	-8.65367492035323	785.636981393566	-1.24916809128766	-1.6175750528422	14.5287195161897	-7.53856828505842	17.4006945260525	30.4322385057948	34.7605350378358	40.0952098597552	35.7032036164548	37.7689634441151	48.8147169626982	55.7105440755573	60.5543703910257	72.0703188317402	85.2003325259201	128.816746639086	113.981817526088	276.44033323403	165.952342808893	115.340140550047
621.308	-30.4027769653657	-126.648754163775	42.5907559982119	-9.50649773009229	-7.23886764620732	-7.88251608608909	-28.0964495212814	22.1704112885937	-25.0209793763622	-18.3910652851458	4225.28227376135	-15.1714861007597	-9.02064451792834	26.699496380539	8.89917216432939	7.38807209723134	56.6380543147925	20.4278798586667	37.0499310075104	30.7410183947187	31.4273427952245	37.080842512699	43.9997627694751	58.8403451488777	59.7619529820971	74.5532483319409	62.1320666518638	719.474714499254	107.876718316073	233.080338838849	205.694704938576	173.380900633736
635.466	42.7824806989489	34.3095108055925	14.9833204259836	-15.2885115392338	5.38788043332721	-7.05867083629482	28.7542109177618	37.2755072090066	24.1841446961375	2836.18218783742	-2.74088295023379	15.5266632870002	2.63766438721017	0.569261540310851	10.0661944145168	17.9077098503196	31.6743161558552	16.0646978356367	24.0599740641204	32.2280252973482	34.2116872156766	30.821470918102	34.8785997752257	38.7448162036711	43.6864502247361	46.4062731596939	67.7961981903876	850.356031900392	99.7299896558656	216.787987913675	156.902005059675	184.398319776927
649.641	12.0470659794214	-216.48183577553	12.6574041626626	-76.0562916117161	-15.993464645948	-54.139593421784	-55.4185275528052	-16.7333340816271	365.73617162367	-52.2266448363085	-11.3197604640268	-9.28119666690633	-36.7654647665406	-22.9225646802004	-1.48475238018432	41.0879327828812	2.61627860989505	23.4031158274575	15.2509381007392	17.6939464960913	20.7286421228957	21.0826888824076	21.4996300241708	19.760872936209	36.9648488015904	37.9859630694697	75.4891630282181	62.7963441790005	100.690642784837	126.041261044622	160.650087000627	132.913645613061
663.832	-183.737138899109	69.5812029446504	-32.1742963626982	-74.6128311687063	-6.50790892848546	-10.8266945680212	59.6869226263937	-15.6606300368885	67.2056030832468	32.8383447344263	7.84747998255084	6.14177028613581	-9.91193795845567	0	24.7034865154303	13.2452519595418	9.18209974991888	15.1217018185176	20.2735941390386	24.4412915941113	23.5349236796054	38.4695687294988	36.0508034793778	33.0788530816261	32.2613846892213	40.1742468325896	972.922432804102	54.1150270240893	107.867378728522	128.055032726036	126.345783190115	78.4461040380297
678.038	-12.8539566262637	-25.1979705614858	-52.5201217135961	-85.7438232949027	-21.5163330340533	12.2196811156453	-84.4719429933011	1258.71422436074	67.3895512301713	-3.8877691296974	-21.1363906346552	-2.70077301809473	15.9817569869178	13.1696258188655	28.5155712692342	12.7135791369687	16.0511952063459	11.3943578962075	16.9434458546046	14.6524008693703	25.0508979563683	48.8094048166328	65.9514543055534	50.9111614381208	46.0141352816487	49.2810313838111	67.3651519387797	46.2191995221223	79.461151071219	127.527244757189	162.767610686565	241.47041960715
692.258	-79.2398532268111	43.1489166021099	21.5844654272252	-11.0120567194191	-11.4344979470874	7.98952223092163	3191.69032493607	49.5287501952533	40.2549877946075	21.3036872043307	-6.2046653742935	24.9738890259852	14.1811360882698	25.7732813273361	19.5319857772729	18.0171214505401	20.7937644619483	15.9414402045618	14.133502487597	14.6201695201158	27.1294983166267	36.4122678668462	48.3165560454733	37.5138589180565	36.9047447913844	265.469391253507	41.879189173015	48.1247714947472	61.2310486489782	98.4682681563385	143.554516609924	181.149358726839
706.493	-63.9589987023408	129.858492452075	-12.7998745017111	-4.89772185311458	-11.8664158540763	838.607013667915	-11.2585002508106	7.61475718633758	10.0261316779877	-11.0541981275244	-11.8048986348455	-30.7167211256856	12.3930975883395	-2.67468213794355	0.563049220684706	2.33721078764071	8.55727375754985	10.5982436683586	10.7322223248178	13.2195347176956	16.1225290020857	26.9265481328906	30.5741636408829	30.4318838928454	38.0484374919053	330.498216356441	25.7643654810051	54.2422934951791	70.0280188805734	65.9275694047747	70.6489028206911	114.429885590182
720.74	-4.73814740875753	92.8832284044796	33.1879683885193	38.9435596872407	29.5369571654443	-24.5691524891554	51.3769319114747	-25.6669561079236	-43.3268494343058	7.1654291994751	-24.4865277496623	12.9420530691192	47.3965626100812	6.93501066995161	9.92727906796366	7.27200358664365	8.10329840317489	15.0131912883443	9.27562884065781	7.79001778961276	16.2220848367653	25.110331495585	18.0744207915956	13.0797257716711	30.3748434251768	31.5777144218835	30.2299359361702	39.4481811718652	43.0390826626895	63.2475555089764	30.2646836314728	237.358291296444
735	107.831403297982	86.475646951562	65.2301349499472	49.0433186106154	160.412816771543	55.9148114693728	123.205379110001	42.8908169743099	82.4686606230532	54.8514278390257	78.2938132541128	24.716391974417	20.7753740298079	13.6305927673703	10.2693803417637	40.6220515107824	18.760931750349	18.3038705201268	9.21146282166069	12.0877012225035	15.2320841949992	29.1315721398362	41.0028037468557	36.1792805829984	416.268830286934	32.9293402030583	26.2458756005011	42.9366861273794	45.9135608531607	63.6588120455239	82.3884912967598	359.537538325937
749.271	-66.7398290944119	155.991943925197	-21.5757096001759	878.772572398463	23.1137158697556	-19.9657031210379	50.6067736653773	44.9245235937338	-37.5560809805802	51.2412026956652	32.5612792380827	6.4720854761973	0.870418282150961	9.01698920146961	-2.53089699683635	4.20228963728612	-4.59905276644098	0.871443862946032	9.64823260681562	7.42769892210832	8.65319438721292	14.747888038743	8.93297361276983	28.0359559708357	33.7553489687094	8.5536971841218	23.9809413237024	24.1588173454858	24.7739421520104	38.8950635552284	74.2137134404341	151.552634297847
763.552	82.7527585401198	394.741529260606	1337.02466576982	3.94294263500598	-7.64250782693905	-20.0249236343413	35.3485407518553	-18.3909284759415	-12.1074031691435	63.4071822777871	54.4297660698639	16.2282060178508	11.2242862328945	8.88223934135423	19.0380294075252	18.0632318544083	4.04359545310325	4.05799022162347	1.94401011418092	7.80044813266024	15.4011033072888	20.4933324121125	10.7070587059965	138.388417006817	16.0208925822478	15.715113790143	20.7417689623043	15.1773305606268	18.792169745452	66.675991201759	70.4772235724969	157.924318335459
777.843	-98.6393466288553	153.55493132741	-87.3799567145261	-105.747640004997	-49.2325159204894	-61.6789162805938	-51.4766987832547	-227.274947854813	-70.0363877831188	-38.6089137643418	-28.6230900530852	-86.5587289061784	-10.8213194331544	-32.271817714072	-77.9471974052526	-13.0610533602684	10.3957999997646	-15.1020366668574	-10.9045385675452	-6.10535780649536	-6.72370560951818	2.01168235217353	-20.1922899774412	176.539325893806	6.04052219900371	-14.3452967600932	-7.93273859622767	-12.1820348954448	-11.5293219142434	-42.9129706328297	70.2227342983397	-155.714957722509
792.144	242.783678445813	35.6951724680652	-8.50279270608529	-54.2248983815298	32.5818600684532	29.8995539177334	-80.771877337825	-15.1751570346912	31.0810773982269	-47.7305546070404	-18.5352652258824	-17.8541339033436	21.6105120316106	-15.9908138111093	2.99221109154777	3.10515838808868	8.8974584857061	1.71714086325112	1.90114075866078	0.199581082115009	11.5092424887266	10.8223630074929	3.65580456291262	2.91394749333926	15.6306476068438	11.7439024815247	17.6335725157771	16.6979696847987	15.5062387025681	16.4230650129591	44.8906760811727	141.169428246191
806.452	124.137713123276	-140.394594134564	-68.5577180135712	-59.7169583640658	-4.96062419741139	-44.5640348794615	-65.8908850326259	-21.8849483189151	-69.8552284304864	-12.9968030811264	-39.2549468402776	21.0669150168133	10.5234952962102	-2.09647753432259	-15.2994733610045	-5.37374847772701	-4.66600938468602	-7.2940809675704	-5.23423496021918	2.66894233820674	2.76635442695185	3.31069008891657	171.587498741875	-10.3149026222109	-3.13928870024973	-3.84921430651125	12.7831794818577	-11.7524898656874	30.2683258332276	44.785475887771	30.4970592146693	106.777122531086
820.768	57.2943291338195	51.47801784934	10.0328367824738	18.7681869144207	19.015726090077	-34.6609160173589	44.7116719864247	-47.7489781503603	31.4348527937189	46.2108553995607	53.8353556666664	-12.0382371524648	12.9519942107202	-0.698825844774195	2.94220641557779	4.88522588884274	20.9970422310871	-4.86272064504693	7.85135244032876	3.45392537885578	9.80798387737475	9.2226366762676	32.9115686599872	8.30922711233655	15.1732287178737	1.28307143550375	23.6624811685451	16.9374118652554	28.9130276615905	66.3169546799687	30.4970592146693	-170.843396049737
