Wavelength	800	782	764	746	728	710	692	674	656	638	620	602	584	566	548	530	512	494	476	458	440	422	404	386	368	350	332	314	296	278	260	242
247.926	-95.1219003396757	27.9511656922544	48.4435976283039	64.6346345301724	3.29628144749105	55.6748060079255	39.9038480546816	43.5648442900222	97.4421678936404	28.796521959838	36.9079647081567	17.9973908380397	13.7088006771177	34.8354937020379	21.7013765707653	14.5991958567827	9.29075617184003	7.26238409328275	3.35284841166731	5.78209408871688	9.26399851628114	2.82229656347499	20.3356347764878	8.83342787041392	2.34036707426204	14.0298069562573	17.836335934641	22.3292533499675	50.6818594427039	341.820410578263	301.112638933168	15085.3273406815
261.377	-12.7011130797052	-70.496507385505	-11.8959295319251	48.4508817084297	4.40134640473067	37.4451109112958	-8.35787465446937	40.5425748210836	-1.548919745447	74.3375152082637	8.96021997469666	8.01031432149412	9.33176725431844	6.20186018315412	1.04420449942061	14.2952457472202	22.0541234050439	-1.4366027913991	3.15039507632537	0.834650554607449	2.0058999510018	0.209358889716796	-3.11128969241897	11.4143212835902	-5.78697337643776	1.36241765184968	10.1037130554782	23.852035821032	179.662159698862	243.420967394609	34222.5609828431	8489.05404797885
274.861	-52.786633109213	-126.909225357892	50.5638809136726	-24.0264989298081	-20.7866765472982	-1.24832294572548	-61.5772031782349	-23.9759313322923	-22.8235406285176	29.0549941054061	-11.2846192826493	-6.05297734035648	-20.3409533593591	-15.4651950279491	-9.46861147268282	-14.2392276336572	-6.64002167392681	1.89974033979816	-3.00706039656624	0.946052930894075	-4.54726236566882	10.9159110313526	-9.29729287932389	-3.73759018293235	3.93562294560013	-1.28688507775211	25.631281254701	93.238199724004	255.231313442752	16412.3827340058	364.899940716882	145.530043112672
288.379	-14.0502543115476	-68.8101241456124	46.0583981509494	-15.0742814038999	0.811477911576302	7.30987342780695	67.0310870828751	23.3995302728591	-22.2748439870413	-2.83564882099698	15.4186588878386	20.6761057970009	-11.1170864854472	-19.8958442043882	-19.0595177121775	10.5424795939315	-12.5795807926696	-1.32433501675332	-1.46738409879822	1.69273324417947	-11.3414084776026	3.70555950420372	-3.75466689553233	7.85666096613134	4.35314165329794	12.559473047036	35.3936829992866	275.696251600573	797.635088562735	314.718309953106	3875.04314329871	20.8869678648921
301.93	175.404074262807	96.9160940314903	60.0269855590658	48.2533537079362	10.9098022324316	74.8773938596548	39.9542432478991	46.8142469200771	143.153743931868	99.3933775441182	22.2100736669931	28.3650037417074	15.2512374841076	18.4473736487579	12.7566882569457	10.1240646205477	15.0088779172389	14.2438707608904	7.04572928362541	3.69443463050688	9.94421695140941	3.33608576808135	15.9249536350911	11.8561803600059	17.9510095411581	29.4288562811584	216.711574565842	167.298721157822	2536.71949526474	2056.602381406	143.124945280896	296.858339208477
315.513	-76.9390938449201	128.556575619537	-6.35837305489544	11.3299335888291	1.5683461198497	22.3690439595219	29.0373401731739	86.6800075190905	34.771692366118	-1.37011703036627	8.51419842207745	3.80578857154222	1.53471649027709	-0.662978720123847	32.3713771702918	6.02003000482869	16.5767717631474	1.79168275401369	0.531753419790159	-4.6099131935631	6.43291984793821	5.14750598529167	6.04721456670909	4.60960930958346	17.3215652235822	110.930974788491	195.701424988098	12979.0447607566	150.659466556066	310.633998105848	68.2224509837967	117.068110127384
329.127	-170.750956622274	-144.019231942391	-91.6244123404803	-125.523067230666	-40.2689677576115	-48.119480283117	-11.7043145125017	-77.0172867368546	-97.1755617661397	-60.3072401156607	-28.9994410465286	-34.899178945818	-24.9300044914143	-33.3505749445933	-38.0197308440573	-23.7801112802959	-28.9541757737857	-5.63306635557499	-4.45823315803225	-11.3767027977988	-6.99141217463356	-6.56734081244918	-18.3787459858893	-4.54671443450985	44.6046400839114	204.274743347465	6928.51436028308	112.711145850693	2218.53301224178	41.7584338950989	14.2994657758015	-135.379556451646
342.773	-148.321416584575	-46.8641045039699	-53.7749502342052	-80.4213218788483	-6.63202157350561	-69.6988919986905	-47.2266892218932	-15.9365797644909	-33.2586150180292	-47.7986498681941	-9.00093845702509	-53.3094940880165	-24.3367983569879	-20.3255175070471	-11.8006846039187	-25.9462858440116	-12.072387392987	-6.22350344834722	-3.93506904349688	-3.61578763167064	2.01501548632773	-6.38817512800647	-0.958938295534106	6.30640564973206	197.767495674912	861.453809012436	109.83347425763	170.372467143444	62.7163168267801	32.6673003301618	33.6572108984601	110.957837152216
356.449	-44.0901112343126	-182.339363154716	-1.72062628489952	-56.0634528779628	22.9179739619114	-11.4692988964573	-60.4441156858811	-28.555494393324	-26.8842751974641	0	-48.3842050381966	-18.5377794444811	-19.1040980878424	16.5054726128752	0.604134617203866	5.01251681971212	-4.38612160899531	-5.26401615801372	-8.05821529871012	-2.73640587674521	-6.96319695837431	-5.08731768176964	6.87298216463766	142.937011346991	133.120831476905	991.605813920648	60.4045432024644	812.420532859381	48.507797782996	65.1355196994888	-18.0512810789789	-21.8479731419933
370.155	53.1813344411342	-56.8258503664031	57.7342236763096	5.18703261375193	11.7275786325084	-18.8648554066185	35.7909428152599	74.4785533474024	-40.6820444195657	4.39083703872874	-19.3272961448149	35.5730506220626	12.295829224995	16.9972722369887	11.3280506724371	-2.47339630471191	-9.05073147184406	3.55446977319375	0.378693135020595	5.08334319791898	3.56320501972363	6.93322703599636	61.0457714949184	140.19384855925	6251.56337618295	63.5288674827314	607.113660039256	20.9521270109655	38.7533316851909	37.3527411993893	1.61950839620602	-64.684506380914
383.891	104.496122482158	44.5010738892603	23.9359939542149	-30.8714564397892	20.4672483749563	-24.8191732430086	69.51033277436	9.45813060374419	73.1363705218439	6.87704494473144	-5.34192736088165	24.8331726557239	10.784509400287	-17.9695642890857	8.96452656993983	11.6216958659171	-7.02611475797036	-1.28471640982569	11.0320169423243	-1.04496871268224	7.65364911965644	8.08808522422868	131.731399600849	7686.67826998886	44.2163907482127	43.130459929195	122.624467530953	19.6894648384194	31.7049909442996	29.3874780692834	45.657302868489	81.0484659185812
397.656	-76.2597319474963	11.7939988234472	-8.45825534417583	22.9663952441631	0	26.1022147532706	-112.909858592854	-11.6977591811394	36.7104806157067	0	16.0452404335426	5.06266795705959	-20.4156375280412	-4.11567579515902	14.3540583723245	-11.0882394379206	-9.80059012261346	-8.17163767165855	-1.10034938397146	1.05502941546618	1.26776615740967	68.8718940639071	1474.25851915573	44.0057892109963	28.5283053001487	676.157848360989	8.6663546105865	13.9153211278445	8.70548724950223	11.5384941424677	-32.2678161372153	35.8000915537695
411.449	-72.2142145248523	-7.44555778339786	-25.3635803944901	-10.8740232273987	1.97562320227258	-23.7288127314903	-46.8947725612669	-37.978979891591	16.6862491946964	-6.90366740035627	-3.57507137370517	7.99016249211106	20.6214446754381	-5.01086893580035	4.21838910766014	0	-2.16549123046257	4.51391433962331	-0.148853819210364	0.999060953832863	38.6164752127662	51.6859690537151	298.101680881782	22.9989238658981	113.878200832407	15.2886394109251	20.516528678209	14.5497416773999	8.24366815519025	21.169873479246	12.7316810221768	91.5324988525215
425.269	72.0594893701537	-56.464998278125	-15.1855420475159	37.3671831822689	9.36410373472015	21.5568200803169	30.2291155291942	15.0011359721249	22.4087945159738	-9.81664787281981	27.1123272202063	-1.51487814776281	12.2177489917149	3.69454250895642	1.33296110149291	18.0640207109682	5.27865147154355	16.0973061399797	0	11.8384295120622	38.693461430118	2926.60345977009	26.4777518054588	19.4276712137142	285.44373660491	12.5606763350782	17.8111361210088	7.80715427905423	25.4827340836089	41.4313072461477	72.4150931241693	170.325439432131
439.117	-108.716606396552	54.9607092036347	-17.2444797726281	-11.2877629788389	6.07642253916449	5.47370162779706	46.7318842241411	11.6811914925009	23.0948468629347	-2.12336037287702	-14.8443892218796	3.68630035849961	-14.2707058163525	-1.02746167748559	-0.432483188482272	-3.22948938084228	0.28544569139376	-0.396669781415139	1.78553528531932	29.9599062139675	4205.2906015958	14.9143222773659	19.4464138079062	296.258184540009	10.7377470323471	5.64279056873841	8.56867823109604	11.9053556532481	21.1659488284971	17.6432952851839	1.17476460241432	-43.7929995870111
452.991	-101.109439779903	-125.444665542484	-23.6749087085144	2.41063592007608	-20.4386527993548	-26.3019156365059	-49.9007460267999	-49.1135646960027	-12.3304474767979	-2.04060978076322	-37.2497996953886	-19.1302539019518	-6.28583754614175	-21.2295284715643	-12.0532311120922	6.89695834290405	-5.21210731175431	1.14363286519121	23.7593111828121	1173.28716128459	17.2102989414079	5.66656982941976	11.708493795068	48.4617108525492	6.63382327765275	-1.62686472429985	7.08570975743476	12.6585544869988	14.9379802739722	5.45004937277661	-2.2579644683987	33.0678225455721
466.891	-32.7582979026882	-12.8345152792307	-8.05391860225641	5.8576377569201	-2.27036190913812	3.40860750374088	-11.3170882484313	-16.3668663882751	-22.7710636495138	-1.98340243740528	13.0956145527476	15.1506243224546	5.55419785331753	7.19803626422672	0.403976744187939	4.35734390573856	0.533261981610891	16.3030525291679	100.455560526835	57.9077261236889	4.82864847323558	4.04978731089175	265.02857917706	-5.88788926794631	6.08963402067961	2.98681781455153	12.2850364417222	15.8528172468067	11.1210912221415	25.309132615892	60.3532519991851	131.485028751906
480.816	83.6066884885272	-44.0954584080111	-18.0707228343938	27.6000643356202	-13.9290486514375	-26.767840069712	-30.1534222614097	8.03307621666034	-4.70582804606826	-53.541419679886	-16.6358880610515	-4.73208170689052	10.3590825363052	-6.5947320290248	-12.2931846407066	-9.21261375330137	-4.4494455249869	13.0937817663527	691.276504595943	5.81116586803473	2.53924826070398	16.8556078210013	18.4753792703775	4.62376727445418	2.63724137710236	3.79427529891742	5.11607486504238	11.8453575013909	15.1621661988281	38.7106046282231	72.1704038257221	6344.46872181805
494.766	-77.8067002529257	-146.070238844209	-20.4958591955873	2.31881942552283	-12.3578297856137	-26.1434636997983	-36.8000938430328	-25.646158362268	-9.48864352230692	-0.981443435762852	-18.296694297486	0.681541453879102	-18.1392661823618	-12.3475429914871	-8.79555954832972	-4.31227318571105	11.8742877232398	2521.91983931651	7.49115285096512	6.81739782550222	7.8507259574793	157.911174901829	5.41468256872146	1.74809614938786	2.48155976592426	5.04245739224201	9.39479087641813	14.9863562423699	29.6552141340243	26.7948336563447	99.9102950725582	951.358313324685
508.74	-54.7016911344316	72.4899532382438	20.342869107654	19.5628412873145	6.13279276034284	12.5556374580555	-82.5791692696548	-22.7752795304338	10.595043138185	-8.76705760114199	12.1067464943245	-0.676454129363252	3.81900203552496	-1.88544238641614	-11.1107889859342	13.1694907266181	1976.3230276371	11.2825807064379	6.17502617501483	4.75770218640561	44.3812319501094	9.06979698038197	1.07485300034372	-0.192783065839126	5.62979729088877	8.80157697044638	13.8955777765739	28.12208549673	27.6132038010491	27.1729736338303	381.567829969723	97.58278586668
522.737	44.4731392760639	133.793913899161	5.57863083785656	12.4966502325048	-4.95365814983191	-5.78446859104304	61.1434151249168	10.5809022155568	4.64877075628321	17.3101876117698	13.4461481011767	26.7126062648636	0	15.8215894580331	0.783492391189868	169.016946894124	16.0306354815394	11.497797420311	7.34028045685239	6.47134194346218	87.4616507945996	10.2106640210662	3.18337826740178	3.61609975704061	7.12105853019776	10.0521797537292	11.5520992203023	36.2524331312483	27.8596896220613	78.1947860800792	2278.25890613796	830.194467927917
536.756	-60.8760966983725	-40.7976080714206	4.50133211051305	28.6460261774214	-14.4337878500467	4.1673394563091	61.6698850147354	-9.3380071091201	25.7883921887218	38.7983009534183	4.52064165098052	-7.40921851018503	22.2729156422233	22.9980344673155	3.95119291062539	276.689578490022	-0.260784932741916	0	0.376448302531366	50.953200333379	7.08416581765209	0.792198617497243	10.0604705090763	0.767839128324798	6.83201406984316	1.20290054269396	11.8336232768432	21.5221903494843	30.2145946019695	95.562777333928	100.887581084997	340.081198517535
550.798	-175.050053442613	-51.7612210364914	-22.0408250340126	-29.5296000755758	-30.3302521020245	-23.1977475868272	-11.4103706601307	9.6260337726195	-56.7927141428089	-29.9962629285028	-4.66007882600008	-30.5510101992111	-15.6799411242156	-14.0309093641464	1487.48359118793	6.42091819547975	-4.57008837010931	0	-2.45771132240798	32.8822793538734	-4.34682961427264	0.653306904356769	1.98589427882215	-6.53006296550034	-2.70874788307517	-0.354286706659141	3.94109458864667	14.5521289815281	16.8191371584493	880.065521615659	102.893036777034	-14.729867704709
564.86	3.38602280844987	-16.5828065914664	-17.8389384177556	-25.4296482227033	-32.2675759653147	14.0930677008989	13.3688854036352	-31.0152669124199	-32.2085827583045	3.07518078839419	-0.796242791547926	-33.4560186650686	-29.2792584694729	2189.88863824623	9.60401327970186	-2.07873097486781	-0.551199954886997	3.82987678940736	59.8077290618397	0.222511664706142	-5.88233900228376	-3.18137129897187	-3.16697876961867	-4.2601630859704	-0.370263432281138	-0.908026173542427	6.92633615811486	7.33704962081339	35.443486203626	216.584491101626	206.432430403701	57.3833560195446
578.943	38.5272833329214	54.8900765204622	-34.4446361042415	18.7887608751458	23.6675923876367	-16.4000013220402	32.8431373809951	30.6237209896075	25.6279628342813	3.18094730862831	18.1198257467186	-12.5173139090977	799.320184055102	-1.53921185469246	5.1831285993745	15.0515820317824	5.70157702477519	6.14048002738975	17.8324060699495	2.18656408583789	5.7158868871346	0.519598435663952	10.5296867754769	3.77715891987648	7.85146151188411	1.31495904023352	12.5379760685718	22.262231576496	50.5348180920287	44.0515525686125	172.46846371882	162.450670835772
593.046	-32.1801567383553	-24.5155610988971	-11.3025392287508	39.6404447068565	-10.5319391067819	-11.1615001137279	5.29397924993898	-47.6385557845973	-1.30813942239606	-8.65954655730487	-20.1795985306456	55.6242138403125	19.3997280601135	2.61888901010526	5.29129443181542	-4.02434762888714	1.45514056738822	57.4286904752812	2.52062965806358	-1.0573555837378	-2.63523840864743	-0.707255796493379	-3.82201920871172	0.642663968220413	-8.79729402261705	2.49302986700802	5.28238655762074	21.6937811187225	577.599199798346	36.619126377216	-8.3841751839418	12.7569866428927
607.168	146.786035575734	-32.349339008962	18.0443255322167	32.80922236601	10.8090479552439	15.2735646947873	32.5996238716243	42.780488965689	10.7404660095074	53.3243421137723	18.9846705519743	321.697232964673	7.46630993570177	8.06338603347812	23.9847754054212	6.75856372115702	11.6487320442497	9.75410744986442	4.88646236280853	1.20575107505419	6.76143729178718	4.17372147945587	2.45161340269156	1.09928880477617	0.601917475359097	12.7931234282359	16.0556044593449	27.5656610299304	35.6439272679817	136.484261156945	67.6089354625521	206.209069771737
621.308	-41.6424316424104	241.02101161321	11.9666826457725	31.1388386310411	0	26.5890509883785	18.6835212675557	-23.6427297679328	-5.54002565526786	8.02233798830491	1493.79495127645	44.5674662182367	27.6001771860774	4.99099746185178	3.26795805044019	5.42286246391915	40.3649101842963	6.63697249511662	7.41317567256635	4.72672026674918	6.77592427428404	2.99525814322866	5.56407934227649	5.67022713504034	8.2793136483815	5.2790433443538	7.74385268535198	150.662551318774	9.63897235739564	68.699289882307	55.7972418189428	158.702481724768
635.466	11.6229043136253	-91.0757594581975	-29.9367021582815	16.6266912535707	-4.69899756745619	1.00783418235929	-11.472550881709	-11.2915720669664	39.6880560451265	977.007568481336	-27.3319298189024	-11.4027069749395	-28.2463204318732	-14.7559847912232	-9.07782999744716	16.2530331936092	7.56822348312424	-3.72483686400405	0.910406918274583	0	4.69102204821212	-2.10744850457295	3.106003143334	-7.65992290474898	-3.60108420659367	0	4.84314279615514	178.535427898721	1.09606986298748	17.40287073047	36.3385921469349	-38.0126858722365
649.641	36.0016722116828	70.5262546685583	-21.0745976048535	-8.58346405688797	0	47.8667203224103	-31.5875164439811	21.6514247149405	174.154825967703	13.3208631918713	14.1100014204901	24.3873540043064	14.9211694710669	19.9232655818558	29.5982784140189	47.8876123155044	11.3956081409059	7.91795694703651	0.939987991714685	8.01757270700134	3.79052093425257	5.3409044289249	8.81904058007609	8.38813206120264	5.90520360097369	-3.21817685121352	20.6839148768557	15.0242855763253	52.0574420909454	15.8121280474524	58.9589172005165	124.879362258195
663.832	116.472241641601	97.7853504081856	75.9723594438114	5.95052895168873	41.0821374060469	29.2162076941646	10.2647822603716	25.9787723773536	100.442317932289	27.7042630665319	-0.9781828339296	20.1130882582399	26.8008160251987	9.74957823455605	34.882560173177	5.53305405257654	9.14150003662606	3.76399738494908	1.46621548994677	4.10032768412597	3.94169610516722	12.1363276533893	5.28013760502473	13.9562737887542	2.72920775422151	16.5095260543215	234.469987538906	15.3230387939701	52.9568013681779	56.8022413509062	62.70375871712	326.504776250943
678.038	-153.651995887602	-29.263879319925	14.9907573064668	-30.5278964130623	-6.65567316261632	-12.2130480766823	-92.6837753888532	454.923774114618	-57.7757800174193	-20.673557043705	16.0587346608985	-29.6098471625384	-1.4473238510133	0	10.5269058207689	-22.7089056904086	-8.68490380166982	-2.17241674815181	2.50736670973424	0.560955750620391	-6.51598286406461	-0.633180947605278	-11.4057259826705	-6.64853721640118	-5.13392280001436	4.57829933936397	2.66771589139134	7.39873153673606	0	-9.20247039726893	-34.3133883411854	-60.9113397156226
692.258	43.8521900015993	47.2478579856841	41.5855949625064	51.7531043470086	15.196201907021	15.9703707801404	1196.8280324923	-25.5612616435409	4.81305617023389	-10.6203980186155	-4.12483815469023	16.5939704683038	0	4.49666744762826	2.16314840227437	7.62776608473468	0.713855945986472	2.23202330193139	4.63709445679572	1.1526943969681	3.00110278499682	9.54146018042477	6.15230445538234	4.99185473902807	11.7483889178678	58.328586416673	6.47852025032325	13.9365181885235	14.887348748924	9.45496686099141	126.329971128118	-27.3798958000793
706.493	104.66984625661	62.4050790808391	86.3128343103121	11.3926031328678	48.0991451308369	453.40697889399	74.1178861159308	62.5274407079555	98.2322632280409	57.8632148994528	75.9814773275979	17.2207783112428	54.783795457671	13.3329174168411	28.6219331475402	30.7322844069991	14.4460015040883	11.066929248554	1.96054730935826	7.62600058666257	8.86424405405294	-3.3756381609396	6.38469685912612	13.6326663424824	12.4409831635809	93.726728448084	11.8949540147857	33.1990339393186	14.5913757581415	37.6130940349548	82.3197738326987	138.011453931382
720.74	-122.716241586534	-268.135825214273	-74.5983255859582	-109.716825373522	0	-28.2391883528443	-44.2585960260788	-27.5118437553955	-48.3498484707563	-44.2945108914691	-13.318814745219	-55.5652465082081	-17.605622958918	-21.4334377928924	-25.6104029066807	-2.89759114653855	-15.7507722911421	-8.00783065112064	-6.10005188270999	-8.83967832648934	-1.24235276962519	-5.3681842352677	-14.189544313956	-1.97944659345239	-4.90312817494998	-4.80973093957321	-12.6048517220417	3.06818490896854	-16.4684981795394	-5.93627778868647	-61.6609147525936	-33.6791520497083
735	-19.5300204205189	71.7351675583777	-1.71486751708485	-10.4767151225459	100.67078147114	-57.1545613765289	19.277380846417	16.2628125415457	-25.0080097483694	32.5180807941174	-13.7777908109317	10.2642973947646	-0.827832980037035	-10.7284111376592	-19.869717045876	-0.99914808327687	-5.16624926899061	-5.24639801100951	-6.31026411760683	-1.12298422107087	-0.771099091054865	0.965769700433471	-2.93570527107616	1.46261411864683	92.365493001118	-7.3322830355283	3.88402420044299	2.82125937571471	-9.66908938604738	13.1589562476638	-27.8040644115913	-30.4847901591532
749.271	-102.28026942145	-140.254902618428	-14.369436008188	596.225637034741	1.77217104228566	-10.6425948890948	-68.1460937251216	-12.7754463063867	-22.4518174264109	-88.2462465501189	-16.8362566633699	19.3517788987027	-10.4050250940066	14.2336706273651	-15.7665587350892	-9.94197407904503	-7.07619980995212	-10.4118834050555	-3.60516597807682	-1.51229767729921	-3.49986627121409	-2.78179698064193	-11.9579614540791	3.37032361836975	5.87181156782593	10.9713568898451	7.26462267369103	5.91006384719849	-6.26944063316309	0	41.1140034416462	-114.036620970404
763.552	-93.4243902213224	123.804758829336	828.049903125706	60.926218390088	-9.52193303694657	-8.5774516219334	-18.9856174103425	18.3047710172304	-36.1903050536768	6.65473645176129	-18.0923516654113	30.0380142584958	-10.2495324295941	4.83018810557821	2.03314167199089	-2.81150275051831	-17.8920721303889	-10.5670848637012	-6.67212133559431	1.98626387367473	-12.1508559237301	-0.815273796121629	-4.03860401597748	30.2911825899771	2.40376653839809	-1.76848379423031	7.18208221081022	1.58774832830249	1.03648953243764	8.88671674683198	51.5449402301221	73.5266998092491
777.843	156.057684746663	294.389889746294	117.743585545388	-12.4023454609557	40.0585439145394	69.1631720697993	-14.2628637675971	48.1298329074925	35.9483287704437	41.9944749702919	38.0570447667514	-14.5810621800613	1.95997895949218	17.7804248247721	49.8947064679833	8.87094348073689	-11.2907277499684	-6.53756949750156	1.81093254427043	2.84869243583343	4.259863287312	3.42983730694081	13.5150195045164	56.0987857140784	18.9611028293365	4.64998056713147	4.26948933583369	24.2136193715189	-0.545060825504239	6.23103403615194	75.5096854011617	-72.175847951602
792.144	30.2307992968417	-148.05319580067	-82.8194039708323	34.5963902098387	-10.4759495457053	-47.1841957265626	17.9038409214729	-95.6590768041683	19.9081325354277	-23.7948239999029	-31.2793659381737	1.27106027657079	-17.427238118265	14.1710180608536	-0.745615044494419	-17.3218715934514	-7.87388208586601	6.83871569106237	-2.36793903504403	-5.36384596772576	-11.7768076050567	-3.58782911871625	12.1179210171354	0.362240226420527	10.2478383751535	4.86417698193954	6.18391222102506	-8.29742907681336	-18.2453911479306	-9.77708999901131	-52.6586392264439	32.3573793041885
806.452	527.9265468852	139.755828461272	70.1596931168539	100.353774665268	18.9536183230735	84.1308179675319	117.364258984358	25.7428625350131	132.242942141369	41.7549568417651	70.4606598973901	51.9924624210035	18.5472009161004	27.8683949616303	46.3353715970395	21.4121539232813	8.9036413313467	3.22772626368122	12.4800468656505	3.12545626417128	8.0121068248918	9.1724638312937	64.8198358500547	14.5324135932616	7.02110122278611	18.1112053435321	7.29668288235315	14.77165990844	23.3226255842531	50.4185105602938	68.5071083287101	212.110901865601
820.768	-166.463325594432	-97.8290799228905	0	0	9.06477398060038	19.7954865805957	23.4728517968715	-5.94066058500303	-22.6205032610237	5.7593043919676	-8.94738538379556	-54.9920275606768	29.0304014338962	-6.96709874040758	14.6630922775441	12.6526364092117	-6.58095228838669	-2.15181750912081	5.58808068611218	-4.3756387698398	-5.25794510383524	-7.99650692984579	14.6162374956006	-3.98929000599338	8.84138672498991	-13.7747195570526	3.78346519825719	-6.5270125176828	18.3889932491227	5.98185718511961	-90.8117482496855	-46.6643984104321
