Wavelength	800	782	764	746	728	710	692	674	656	638	620	602	584	566	548	530	512	494	476	458	440	422	404	386	368	350	332	314	296	278	260	242
247.926	-153.335657933833	-4.69390264442336	0	27.3633862037931	4.1385505585995	35.9787397860031	28.2335733152894	45.7285905648716	8.72019675425312	33.1603596884672	14.5523167464195	15.0234381877975	1.61628665489438	17.4325493631619	-2.34804309028371	9.24999300574151	4.64796773762115	10.7693059467016	7.45873718638239	6.73176229549837	2.00587087696816	2.59244678625214	3.18486201527201	7.43075951480679	8.6192369582076	3.32655810681868	5.69951394800949	16.2185361964589	45.5919817992245	276.292969573399	250.028801801062	13900.7318153069
261.377	68.2469380032029	162.955375106622	-37.3676467424832	1.52236875865317	0	6.62627118075091	-2.09437577840821	5.30947084206825	-27.9446574530262	33.368351384347	-5.97874516506442	5.34932927363837	-2.87752024854076	7.4485570179202	-2.09014332831298	-0.433368967139989	-11.7227845003115	-6.71051359651066	0.663949900760697	0.696787460714128	-0.892776978476517	1.25874692149475	4.53607899811679	-1.01762989119558	-1.86000826097529	6.37793073584612	5.55669254465259	17.5088917513997	178.812186344537	218.363309267942	31437.5361428845	7621.73383977059
274.861	4.83474905800866	-99.4567187996128	-45.7435908336568	-67.29692480874	-31.7353002949734	42.5605881912035	-30.8609085850915	-4.01209058801678	-7.03877407545729	10.1828698141078	-14.6829355946846	-24.2532571731086	17.1233384576456	-16.8854598103016	10.661034068337	-0.491211536682139	0.781614503116309	1.62989538061469	-3.38655843156552	-3.79098715713259	-5.56565678717887	-1.66454660862204	7.06958721822381	4.32545573631014	6.58833454712398	-1.03274358906909	16.7043321082106	75.901619916752	263.709888613541	15113.6609999658	396.198001392194	77.4414229705478
288.379	-28.3111063449315	-203.375747528219	-57.8716929016909	-25.2611736634446	13.0409926904326	-36.6506441768449	-16.2179160898273	-72.4392778160059	-24.0434466018951	-56.7889443977214	-22.0460704259894	-38.4640570810275	-54.1140093331557	-6.17981981376887	-43.9310993765444	-19.6554987420699	-3.05129539685367	-16.96758782373	-3.48876183229351	-1.07912254207735	-5.92565872567507	-6.26604252119629	-9.40858437477941	1.9700185081463	-13.6314846284235	9.5751980661442	20.8461345617764	240.919769892366	696.543912967009	278.004005650694	3598.4269966284	29.3920929665452
301.93	-22.6562346774877	-4.43872894478234	20.642088431503	54.9861512025523	-2.34814041263408	12.9052131552661	80.0961514858635	-7.52046195728614	16.4922848509805	-20.4506541022676	-43.4007456450944	30.3076735863369	-0.764210391822739	0	14.9876790000194	-2.76225393735998	-6.95921104801397	4.07354252032753	4.93728153395713	-3.70104932286436	2.13392938030606	-6.24021774765539	4.51758598864029	5.67549441356149	13.3374617784621	23.9558455118712	204.550900143722	145.53692770582	2410.08587896024	1796.35299528384	112.15579251734	124.998933019106
315.513	-59.276719157208	93.7996020356064	3.19568050613771	-14.6467068786706	11.8145488735285	23.6116082211405	-6.71666176931431	47.2985265637278	-38.1708419162054	0	-7.45649017739712	-3.81228789494589	-3.84508565811012	27.8687704726611	-3.35154415229559	28.7228226222992	-3.68578062007478	4.61155987971099	5.855538983584	3.42638196959679	-4.29470279045244	5.38240075285286	13.0318688333819	4.62334607251071	17.1495052150886	117.610613577076	176.911767266969	12237.9636745057	149.054192106471	296.497472575344	144.889418666828	275.915819100833
329.127	-109.908464641687	-131.069677674536	-77.0288986606188	6.82212968896542	-0.825445459851525	40.8293072897321	-30.5026854128959	25.7758772286224	8.69633790609784	1.43781006356211	-2.2326924549602	11.9858667114353	-47.5500004593438	-11.8217001275729	9.9518796425334	0.485509716387245	-18.5410027604161	-2.41646414494286	1.30170770589969	-1.56124276579419	-1.00019136228824	-2.1152894203226	3.17614809041925	9.97557699463071	42.9782717028385	190.881342950265	6556.26618446549	114.595655282417	2031.6203422381	138.19769521737	84.7132674779254	85.0472318504858
342.773	101.228808695537	169.991899586734	65.8782402868075	67.0974650737516	24.1472627177645	67.3958814702661	66.272641467287	40.0019924933065	87.7239002807836	50.7634452573027	28.1527253758231	8.06045784272362	28.4543116785104	25.2531201038359	-1.77157268102839	1.46926693990956	16.3652557889337	6.22941419627983	-1.8758450514309	0	5.80139545609103	4.0304889547376	9.93216586390076	22.7132142769545	196.013217023476	829.666807495397	127.504952892033	180.86026725761	88.5509768891098	95.2465240616976	77.392402222232	193.029740504321
356.449	-24.6780789758964	62.8529393849424	41.5092741205028	0	13.641006195275	20.4463643178103	55.7391831332855	0	7.18562309826157	2.97008962715225	27.6724869403249	11.3479894481146	12.4861288771486	13.6465433350692	-9.06954485629169	-1.50437885615178	1.19688183637942	-4.43706579929644	0.384134639681378	6.12762354163887	3.87393569774602	-2.67028744208405	8.85732433968478	163.380794680613	111.379017964543	983.652181383224	63.179346283355	751.037212884097	46.9609239826276	52.3076219394525	44.573564770069	17.5682384995512
370.155	-68.1925987750217	-33.4001287406533	-3.41375031458487	-20.8615765848776	-33.6553626945068	40.3565424455731	21.5249986823641	-4.04209018082282	-53.1855380965488	-20.5180203114747	-11.3790186650385	-6.10865149488389	-4.10747017724981	0	-11.9341664289965	-5.44372918339901	3.93729433436951	4.10520648102298	-3.98052752378413	0.636555582320723	0.509752077802005	3.83312666957442	58.922074958238	122.308876591833	5931.3571090977	57.2256145769393	540.46675525325	15.7849181152724	29.3672373902829	8.74945143458026	30.9553034231006	69.3515337671554
383.891	-77.8151073942956	-116.581393672438	-76.9925650996493	-47.3772307794098	-1.581357539621	-30.8136478216017	-31.4654867087278	-18.9924852134054	-24.9901783650975	5.50900548890501	-37.4264511303827	-36.3566190099109	-7.71987393809611	-0.666105028316484	5.60748200305853	-12.0915776303163	-20.3500914599157	-4.62937163106639	-3.91877033112217	-2.54232492406554	-3.83225840772765	4.27752526659818	115.305931412648	7289.41937443236	28.4434026287813	34.2217027258866	90.4827455650934	-6.59273484729846	12.5050925939041	31.244258012018	-18.3725105078406	20.3662882425405
397.656	258.800021319364	134.680321941317	11.3361836373146	60.6164221661823	47.4983282633527	-6.28189034197309	37.7250090893089	75.5029020710781	88.3077218822879	35.2842219806055	59.5141845380139	35.4991959858278	16.3678178858582	-14.1228806114772	12.3844644571851	11.5036851251556	18.631501920476	0.22720551812252	5.03554455333349	5.81305114809285	6.13623714015308	75.3785061811899	1410.23937544095	46.0664108541554	30.858447112712	634.446059213437	21.987756065997	19.5110099445033	18.6661317965178	46.4874716885572	28.4037634493797	183.51915114948
411.449	-76.5846526294016	52.5146749744351	-14.7603612973284	-41.0005498150851	-23.150739790942	-24.7860046401011	7.52078478104547	-46.0761884904212	-13.9371780478655	-6.91291497797942	-33.0985584522944	-8.80418843353672	5.16650610541903	-20.0605097370706	-6.56738800594388	-8.55911876672167	6.19056692426555	-2.15152448191481	-1.04309033637489	-3.37786780608001	30.8568987356387	45.5775629881166	307.705664050437	17.3576936466592	100.187764530921	19.4264719511215	6.94044109921264	14.0637954451106	5.77172523204478	6.87833573725619	-65.3212047251519	-17.037608611482
425.269	47.1896979216265	152.902010363633	54.6971694364958	37.5714985698821	29.4704509250856	39.473706001393	94.4650443739924	52.7155432584785	70.0233383121399	9.82979743636894	33.9202809206717	35.6604316390882	43.4667733372761	17.960171289886	28.9048080871741	11.0641924280596	19.365845228307	8.56618947739756	6.92168858138939	13.1641844183764	50.1449930087705	2887.29767015636	28.9522639537732	21.6506291221822	271.666495286564	22.6802734084743	16.242627317217	19.0830293774802	32.8283452466027	53.4674308534982	71.6354700945958	67.8344052482292
439.117	-91.8650259087195	13.844514810798	11.1432510520013	-6.30526774356404	6.7135869369833	-37.5072719546051	-38.1672573344195	-36.6508169648991	-30.8639276770926	-62.723037160551	-17.333719031869	-39.1415136386224	-11.3220655155828	-15.4250230222603	-9.95537396403303	-2.87184807653239	-4.28407227539499	-2.9778488773541	0	26.6658829082904	4021.0173814964	16.5091396778516	3.05293561057963	268.059152876854	6.35554051528174	5.28315635890924	3.4021316770495	6.36117694634031	12.6483642681873	10.1547317543692	-18.9090232195842	-9.43246039781929
452.991	10.1867198935062	93.1348106783679	33.3168315314858	67.8668686449294	-0.586540746819323	16.7040383147386	23.3417043404289	0	7.41527833606833	8.17337284639255	3.9662375155161	26.2603026187286	1.14535024788566	23.718218160075	7.07155493815123	6.55482847054688	10.4300257942322	8.58539269506582	19.5563119326829	1127.01891254909	22.3873896455686	8.6844123469508	21.6661517814445	61.1627111774087	6.10785540842904	13.7811443235409	13.0781816677214	20.5405945220214	28.4693158365855	32.3266423529459	55.6520860976062	132.951324446851
466.891	69.3079866591246	48.4949083028677	9.25223227587743	9.42346561295812	-3.42058444837166	10.2541579132877	-32.4104754781995	-31.4962335076332	22.8234181129279	9.93029619024832	13.1071573708944	-9.65777129752463	-20.0383380034626	-0.960553804249148	5.66037120112556	3.01787410467967	2.13423703335567	2.59613077328383	95.9393387805943	55.6391932201227	14.8519077458422	8.11629783540472	247.87907702017	7.6770659425444	4.49744328007824	9.34110893726177	2.99095111218765	10.9330776815801	5.90733368653798	23.1206593224034	33.1174967004016	85.1704355510213
480.816	45.3563784333511	-136.464499001279	-15.8939163118386	-17.3443595657229	12.3117019553093	-17.6150709215433	-69.9929711439937	-6.72120491066716	3.5374856456887	-33.1426679337026	-9.83896217266479	-8.80315967972674	-8.74229638334468	-26.4013463087102	-12.3033935760425	-0.658316819143676	6.02319393298589	7.82732436064759	694.536761434256	4.97479657249948	0.67809435520277	17.5277835887244	7.96726930330005	6.95631934276107	8.29984324778638	7.61239981305266	8.80799207662153	14.2318311757636	27.1627824473267	16.2944604684863	20.5890445854608	5702.47649276547
494.766	42.4611515812248	-38.3946362264517	-16.0239286880041	-48.9614624255355	3.94940375019249	12.6851159697546	-19.2451402548309	0	-9.51045949224948	-10.8103390517508	-1.52606845697808	-23.2119820408531	-15.975027806871	-3.32716369441119	0.80026035125397	-4.97776392415067	14.5211088781738	2439.34534951992	5.33838433259965	3.5215145730407	-2.73456469213041	153.899747737341	-0.868372068837649	-0.389623449810027	-2.49251711801349	4.70945616806971	9.06504239500395	16.2299850815594	23.3849218299767	41.6560785806211	89.5848409738533	671.40918454195
508.74	-97.2558528718759	-73.0404134722886	-18.1763646307993	-53.2241823523295	8.39983643003445	-5.87553339198651	-60.4880392595626	-8.07072481436117	-3.53980096829993	0.975422357890777	-5.30137024297473	-10.1641401264679	-9.84152059973	0.471761183489044	-11.1200159950131	9.55184157200697	1859.24048638402	5.464498206342	2.14464564083256	2.75381634887359	34.9447160275122	10.842448985994	-3.01661555516473	3.28707859980555	-1.06024794701498	1.03873393787108	7.34479750224139	16.8092215827677	22.294167832583	45.4214206710066	417.472122634412	271.174736894915
522.737	144.02070251046	84.6480719300113	68.4123955357301	70.8207913856031	32.0645746284052	33.1456980247304	29.8577742809268	54.4456347202865	33.781078138592	22.1482012569936	15.7009998702517	43.4821150298907	1.07953720821803	10.7119357605732	8.23350198593783	171.363233016375	20.954924781512	13.84642563175	7.34812530598388	4.914478089359	91.6050763091691	10.5465689607297	12.5505240823951	13.74395052918	0.69780503763058	12.3056196237962	10.6952210801376	22.3565486618868	49.4458871576253	60.9382384142913	2088.53587329144	729.086838544126
536.756	25.8241386394877	-44.2695174746672	12.4428852068985	-17.2815937392117	-7.24876946596711	-15.8797706396924	-7.92496367562458	21.4300230138115	5.87447363463538	-33.9939879340505	-21.1149225611423	-8.09658717782907	1.63324869973131	-15.9713816242805	9.88618549527843	284.675573014224	-7.56697905127779	5.07841783173702	0	47.4586636786674	1.8580112789648	-3.81040450619873	-2.78918068086074	-0.192531827528204	-0.703813425296296	1.37906400638232	4.02238727246685	24.176298584452	24.0235322320931	53.3451946382797	77.7392976578339	264.271644266348
550.798	29.9482567598337	169.501395113456	73.4618971239052	14.2517094308802	12.0707265426364	52.5549515756625	91.4973432216601	49.7048006554152	61.76782536297	61.0741016267212	55.9702361004575	3.47763449889919	31.4276765089543	28.5699027695149	1464.26019007083	10.142497606007	17.483608427119	9.16135388738903	11.1362666285217	39.2467206681799	10.0989642602922	4.41892657499808	14.1548884414995	10.7174008363252	11.4269752236327	11.728205118667	16.0203982338134	26.8390830927616	42.3191290442688	873.274690458583	136.900933173551	216.161716548681
564.86	102.341975124537	140.353331258526	20.3223540238733	0	28.2851740217307	25.6144658800253	38.5258113706255	16.9855878859335	58.3570721331574	29.7665670953694	38.2533417997801	11.4087329617688	11.5068842378516	2045.30211708828	25.9105789882789	18.3697408630476	9.37562293497476	4.79189274978886	60.0044010559208	6.57584677668922	11.4243714912606	10.2349648936091	2.26740958432653	-3.86591958574682	2.23139000512793	7.83356721255363	9.08146139034741	34.3938813735318	44.9919161226927	226.115599437945	281.839429725569	63.7497837899669
578.943	67.0458595437549	-86.4170159424453	-16.0751215698126	-13.8537619814294	-8.53358415580113	-47.5090637984153	1.73264576062896	10.2490402603859	-14.1277871812996	-19.1112494436031	-30.5011131975649	-8.11327020211601	782.003930581807	-4.10805321978761	-14.2654406231731	-5.01927531831713	-0.570475547405709	-6.93938443049726	14.830447239907	-3.6892278142241	2.58503365065675	-2.42979917580847	6.09802426878719	-9.05010239888812	2.30813552754348	-1.88441668480739	-1.79881381693998	19.3131257399796	52.190556594684	19.6495077400245	92.0630212771157	-34.5412403737152
593.046	-28.8189592528067	56.4610803228671	-26.5094155165543	-34.7143265819615	-9.95619437428868	8.39432118465795	7.07521620561837	-8.96822206700902	5.24458821017554	-20.593972140316	0	3.76481121051896	9.72083334058804	-2.09689174315362	2.20653692215285	-3.66001551742941	6.11499740182195	46.7557283706092	-1.96258498725917	-3.64852338169127	-7.53994365676924	-2.3033272257082	1.43660374705864	-2.14859708192528	-0.785434538915358	-0.384748451456317	2.44847061022714	12.7117399517122	543.317322768736	19.4124870845542	9.63941219156349	-41.6733621506554
607.168	18.4857644343492	57.946643882679	44.0492865743065	19.7931695069017	1.27726932989621	-19.1448590207879	52.6449631938876	12.2722500149608	-13.456450159494	-11.1241189498719	18.1377039504252	285.926249033703	1.24707511928751	6.45619097648622	10.8700499680823	0.751263045555524	5.67818695002907	4.3623574229023	10.6466079180999	-2.53661080976985	1.16074938916105	0	-4.4232079118196	-5.29231063557653	-3.22440132278172	-6.91025435637355	3.97874727782607	22.8974160373783	28.9080912316102	80.3571267225244	91.5105969697341	121.729549873146
621.308	148.747838545637	59.7787644339718	25.3940639761257	62.618197651521	27.6707177977212	-12.8376099381623	-39.3275389418091	-1.58253328744211	4.16457232189587	20.6565018270119	1397.9917365087	14.3497209110791	5.78926960329749	11.1005312722252	5.60686618661731	9.68770010199762	38.8459080599435	7.07187438098317	6.82741055349209	2.24298152178317	-2.79404821151302	-1.50072123040778	4.05605166080387	2.72981979280857	-1.45527743217735	-3.05517361442881	8.85717563733997	157.384258563948	38.8046460366104	29.4595515426279	77.8194487923462	179.882455859304
635.466	171.746835817541	30.5891176683314	-39.6667498788261	18.1107358001538	16.182007119011	40.4250742470038	21.082405949854	64.7832686432816	29.8344791162153	961.873995886026	18.2373472658159	-1.63173998739059	5.9248012495997	22.1527877981545	9.08536872578674	20.6221543190403	6.31036877408825	0.219316147833623	7.74672920347404	-0.382581932716825	0.816988348117357	7.67927185163078	3.63213132151391	6.75150730012722	0.851055254141955	4.16893038071713	6.19041041165352	185.243123998127	26.8431106950885	25.2412110403305	48.3069981459818	-6.94693036565717
649.641	-4.030164974557	3.94787796371771	9.88583633189462	28.7679883856866	24.3655347219576	31.3039287105605	-9.89428115330854	-1.67220539976018	181.889490534751	-16.9765358130889	-32.9523561402656	11.7933110356665	3.39850597215168	0.586476394554217	-9.87428614971781	34.8045778697055	-4.5607843331455	7.92547699551783	-1.72515308936431	-0.131670946760954	0.632650538884783	-4.75727271888003	0.267867647031665	2.88450134612014	5.05257022211318	0.215219393521059	13.0113698938356	20.8966146731601	34.1695490984398	-35.4723959480016	35.048418899281	168.557299280232
663.832	-196.972193365997	-147.791840930139	-10.280107468509	20.9407278888968	4.34353566155692	-1.08508017776523	-24.6933338157327	-8.69448503992235	-13.7281706632245	-41.6120600834479	-40.1408462273686	8.75975492223442	-36.7540850073623	6.09866495999898	-7.70107247778412	-4.25796104392672	-4.74267947711839	2.11925937750043	-7.01273857599086	-3.97074680324818	-0.657882177227921	-4.94700429636995	-7.79942404248195	-7.49885564449026	-3.42657324811531	-4.25225443635442	204.853412131521	0.905417598454458	38.6907414908994	-22.5839517286573	-9.81244785090412	59.6697100618827
678.038	21.5004906041573	122.156690578826	10.5479717336634	-41.4380017519846	40.1104194390446	15.5869509248239	-23.225360782605	462.109531922408	-7.82548866851058	-11.6444529102159	2.00911115635339	-1.79760080517813	22.4820168077016	-1.87727256183488	33.1872910148315	13.1067266189464	4.17107777351663	2.8993066565568	6.69345715220999	-2.38833047859312	1.80006486786595	0.634488278019793	2.57228042924749	-0.512950003134403	3.98463903143561	16.0744078925376	1.70491114184294	16.4125041507094	2.43054423818818	-3.08965491781764	21.5745568154887	141.581650712407
692.258	-97.1978432397739	-138.492042654136	-108.373859286805	-91.4573504937271	-45.7899612464909	-24.0219361914785	1045.61644270146	-137.487117888725	-32.1608145803064	-67.7957293954238	-69.1519377450794	1.84692319654674	-9.68662547790677	-6.42926992968643	-7.03607059821061	-23.3416693032756	-12.142316268569	-0.74471438576243	-7.56482271719478	0.144344779514444	-9.01609248120996	-10.4303568644264	-12.6269901465924	-11.3310218929954	-1.20410857624701	48.3666922521102	-3.50338064697148	-1.59083290570781	-5.41067208123118	-42.0611784318352	20.6887495273866	-74.6989384918049
706.493	-105.454288682983	-26.9481251748964	-61.0537802139933	-24.5462042891203	-28.5117575572071	403.617598868929	-121.56864854328	-55.1697740957499	3.33756323873375	34.4885259767035	-36.417567315726	-50.7922173984182	-45.622978099666	0	-13.4803305279863	-9.7825105746074	-11.4891203978688	-7.72844652634787	-6.2447719857759	-2.84614581000237	-12.7154602173816	-4.51014380023672	-3.35217385294937	-5.46931682572991	-12.2459981207914	75.4129111331673	7.79081709785999	10.5659123264812	-13.8216631030949	-16.4716848859162	-44.4740486785585	-195.841411163115
720.74	19.0209125744123	-55.897643453599	11.6643877968411	10.1830829906535	11.4996460120372	62.7908411626445	-51.3671484395911	-29.5957543761543	29.4227577809226	-1.43076916540512	-16.6631928723371	-24.848275840313	0	-21.4516530492001	-11.6507596323124	-10.6289082855566	-4.99693139136493	10.1528856719455	-3.70095227292578	-1.70895716491485	-1.99058693068431	6.78255522840911	-7.26936762768913	3.40344925528492	-2.33278957264219	-8.887875887303	1.6160245416778	7.87625571790345	12.0950881082719	9.3958410756136	33.4012647201904	-50.7784553823212
735	-157.411096705791	57.8239169971327	-15.5138799906173	10.5339994541139	98.5662953466235	35.6613815899021	-67.6292881372835	-6.12312912953074	-7.16157352085493	16.2808196528412	67.8005133425313	30.8454786485911	13.2739616272502	18.6117164176512	13.8600912982201	-5.49759410684593	1.98812664997714	-0.829165382667546	-5.93415916875578	-3.85712525382597	-10.8107160392697	1.93552745549041	7.84682643715265	4.40091824722706	81.7799618438596	0.5253804897005	2.50757088823099	2.12548101700101	-10.6582797861162	14.1376416127591	3.2906949192774	105.056635945926
749.271	36.0663811533169	-40.3771266465692	39.7209622280853	553.512838176009	30.2599720939846	70.7025641390749	27.8284252681445	34.2051349234773	13.127005435629	3.10050715330374	-1.20364975582749	-15.0770875406275	16.5102381510288	2.24933165447691	3.78711651622492	5.23478860944868	6.66366547582255	-4.63189868906026	10.0250526724493	-2.35667501587608	1.61761655035531	-1.52047667148506	1.71226890878405	-1.22922446390683	4.21267043630197	-5.22777283734322	9.63038858711443	14.0996631898795	3.39763312530888	-4.62749705966029	25.8504463139635	-132.96257212109
763.552	127.344985085651	97.6264305987551	801.302715066607	61.2593493051334	52.6019420470257	61.6420726893379	89.7138240962968	29.8651128641415	80.6078057454201	39.9819034933625	-15.5213989188915	37.0329988706477	28.9474900604737	0	15.6003641340449	19.6886834220116	15.2167394366249	15.2434977835093	7.75655082179671	10.1299936205142	-2.89716889705972	13.3436325375027	8.46407075926845	39.2977465960218	11.1665093209053	7.98318794736895	5.64484289556702	5.58216488339002	15.1260636265467	45.7491955268705	27.7790588948204	187.225280264625
777.843	-122.28786150957	268.103700662462	-14.2841580678881	-2.07835978464739	-34.200153147075	36.1851239155079	-31.4519921914161	31.4104533853277	38.1504493677989	-14.0169090899682	43.5321019933634	-37.7320709358542	0.982108035599507	0.847406455220165	6.42036108485656	-8.28298189474594	-4.23638324040665	0.654377852842961	-0.453216989943513	3.61480430318922	-0.609416003244236	-4.29614862662755	-5.4186304084162	43.0677731097168	10.7920679360287	2.1768107554927	-5.60710024318323	-16.3549520989015	-10.4229719917145	-36.6103363696219	13.6343473611129	-228.004602651266
792.144	-6.09147247307649	17.9012944345002	-23.4805098536991	26.0891666415899	12.6266636006306	7.88582358469863	92.7204217033019	42.967294105003	46.5591108358767	71.480092690513	-28.4608512652059	53.4756988811021	30.8204339668109	12.4101786664463	41.0428834286045	-8.04563375209812	14.7717591125135	4.79164751408267	2.84456369459682	1.59213323079696	0.956232156009263	2.09722153619908	3.64386462529481	6.90307453350822	17.5978598016335	13.9877969864853	13.4558840589968	6.14145021260872	1.72154133527715	-15.3187010482527	107.98673594845	108.412451111961
806.452	172.502615175562	56.3268317330803	-38.6201156933554	3.42042327547414	33.108404468796	90.5671725647665	77.6423266170459	57.6577881035338	26.1605902627594	36.0438692265948	1.11940898049381	14.0218756419443	19.3954398587326	2.09190592357942	-2.34804309028371	0.48684173714429	3.48597580321586	1.61539589200524	4.10230545251032	3.13105223046436	-6.2683464905255	7.30598639761967	40.7662337954818	4.00117820028058	6.00734697087196	9.97967432045603	0	5.866279049783	6.31968064543706	3.4429030476436	38.4659695078557	42.6402816420456
820.768	100.626525519078	-61.0207343775037	1.67913546492849	-29.0735978415302	19.8650426812776	2.4812923990347	91.7591132746907	43.7403909750946	130.802951313797	66.3207193769344	62.6869029076534	29.0453138297418	42.8315963547011	6.97301974526474	29.3505386285463	10.2236764800301	6.19729031682819	12.9231671360419	8.39107933468019	-0.469657834569654	13.5396284195351	12.9622339312607	18.1537134870505	12.5751314865961	9.66399295314185	3.07066902167878	14.6558930091673	5.52120381156047	6.77108640582542	37.8719335240796	73.7264415567234	294.217943330115
