Wavelength	800	782	764	746	728	710	692	674	656	638	620	602	584	566	548	530	512	494	476	458	440	422	404	386	368	350	332	314	296	278	260	242
247.926	19.123782809742	79.6138562271766	11.7170807756464	37.5632499780827	14.047399891428	22.2940685163353	51.7498506136966	-9.93324436838487	24.4022139825292	28.8275567811707	-16.7830540942052	12.0152389584798	31.5480349320966	11.8704503487027	30.5503117497385	19.9945372823698	4.65817495582913	1.34882288481469	2.42782746005229	-2.03571992498021	-1.00387280065291	-3.77590983469779	-4.14290674643678	8.00928461142356	4.69979814237944	8.70698561476881	14.1102290495654	47.2487230396226	114.451434029359	1064.06734380594	806.14424405428	49666.9522428124
261.377	-119.163115243091	-25.0127242187469	11.9201405566138	10.6391890296437	21.3311872405977	79.3815049871856	-71.1926800442698	47.7479670059619	79.1300385140172	-52.6055666271512	0.995977989469246	16.9345933701983	14.4014992865856	24.2411314746742	5.75274327542182	-1.30232315300943	1.72772477116687	0.720404109814863	-0.498730268909575	2.64848965916958	-4.46805692246904	7.14250503394579	17.871967272805	9.42122606545355	8.8320252570634	10.4861664506392	34.7826941282585	82.5832164985058	774.933881777068	849.26153546572	90449.0554267012	6381.58332216556
274.861	159.187332764588	-18.9008129818832	-27.0222881851618	-36.177664682309	15.0072212131509	57.4851161050097	-61.7078652327818	12.02688395384	-15.8279423458815	52.3553534809867	45.1565216528981	52.533370393449	22.0369874806637	19.7268190336046	-1.18555867620849	-5.90458667558302	-5.48331683079808	7.62120612080297	3.76864489394528	4.42398311981353	9.36917120416838	-0.238112605540302	3.53700151148417	13.8534418942074	9.48396528677181	25.5802543982399	64.613531409579	434.970973166986	1199.34206998796	55063.2590604044	654.908384219788	314.119096726328
288.379	-127.11300437889	-64.5624767595331	-100.545728916894	-89.1104747124294	-38.2434699579453	-23.1730306150453	-101.918143506469	-43.0384085873796	-32.6112318779788	-51.0966878302056	-26.4425530951748	-17.7474548319385	-35.8453337036025	-37.129956659741	-20.8270237136895	-29.2933974691045	-16.054480186777	-14.0790450669579	-4.59755447355426	-7.86424906220531	-10.1324614679572	-11.8517973407544	-3.76578446546214	-2.53507383478203	-2.82821091070647	44.3827272819398	105.812826124678	1210.71368305741	3078.02132593086	1550.55204316332	3353.63748124515	650.930814652521
301.93	-31.6472806879193	-88.571557566884	-18.9944698876851	-30.6774055794788	15.6279339691618	24.5957839001305	46.7121935661252	26.3010870429111	-46.1512825152901	-23.1713485189912	-19.0448162988557	-0.946838075257105	-16.8288691765619	-1.98090695432123	-1.1111350463006	6.45624621901079	0.734157252240974	-0.765298256109948	3.00225748193151	-3.70202401145269	2.37324865612183	4.46330099540773	-0.30136051751161	-1.62297374114065	20.4931793109402	56.1825493967946	877.056004000212	718.469858401498	10903.912439079	5200.16655150664	1756.51861171531	2702.02943181484
315.513	191.078016828951	93.5850888260863	58.934653066126	32.4951165236712	45.6060691400537	51.8581627358151	152.209919295317	98.3042020608669	64.6864661099728	-6.85796822005427	19.1646046155985	36.2061533373103	24.6323194213751	29.2360418082902	17.3309200935459	6.49685479485192	12.1897868967287	4.6206710302274	11.3737077364177	10.8779024172956	10.7467917494766	9.43188607239678	13.3432648163271	25.0421230965456	47.4556242621348	495.907808636717	869.661864369437	20852.1419221043	1116.97350839171	5098.74029303554	3028.80727578113	3640.24648706516
329.127	0	-28.0221279379089	-43.4015114699518	-34.0549774971644	-26.3698175573407	-17.2923885152824	-11.7291501611238	-29.7181997031844	-38.2414189679879	-18.6866441431046	3.34742698158369	0	-12.9073715274544	-6.9635130975772	-19.3346522331614	-17.0218072367779	-7.35526413643556	1.07610595608226	-3.16616475884293	5.1534579569646	1.25140769974034	-9.41394694147083	4.13157156837024	21.9652698393489	199.976076141133	946.975531793105	17165.4855982292	646.258712286968	3340.56711139273	4596.91411213209	4098.00907284521	3802.22984282677
342.773	235.668501267968	108.357561575059	87.5621417966208	44.6586382333423	58.1884398338378	38.6251490861072	49.6932456274887	-13.9897773891006	77.1517036335753	29.0000992830424	25.8880429122783	54.392193694279	9.76518781515622	33.7171734680156	6.50124655067421	9.32121983774502	15.2296809602141	11.1265475096871	5.44833889223028	1.73284217180267	5.80681754849927	5.93517173305722	27.5709610815467	69.6374259739204	900.407620421494	3527.59864041588	232.847403629156	720.952579723368	1640.46796363544	3681.67777485014	3788.82270375102	3479.39093579588
356.449	0	-72.3567681402596	-29.3101788143733	21.1042483247013	8.51128605902652	-19.136224096553	14.5373696199728	-10.2314993837912	3.59070191924736	2.96931313178508	-12.6771194707527	-17.5326777476652	4.16606338293443	-5.7538220224759	-22.3904173880963	-15.0694332375629	-5.99755130632948	-4.72369671078919	-2.30836178363796	0.483887153672923	11.8911728076195	10.2093733426658	31.8406336909792	696.51637368464	496.731565049855	3827.66935147057	205.710612401029	1177.60923798929	1311.15530608622	2652.39647443507	2986.28671303554	2600.52237304521
370.155	-82.6187758587887	23.8026749669564	40.8365127881867	-74.6319790700332	5.03981155429648	6.29510319452276	-35.8668884230667	0	-37.2080159996087	-27.8386047259428	-51.1809416724705	-16.2849778476407	4.93372546231771	-11.356755610192	-13.1386579555934	-10.4102897913955	-3.15675269664842	4.11331721906502	4.17650658810016	2.54689288880026	15.0517407972726	5.03775392829988	281.836398935796	612.946154824082	16901.5205566875	177.797494499306	738.405825457572	544.799306398472	1164.33805273982	1975.44551404678	2003.85322049082	1807.76845196343
383.891	-4.56704855118614	58.1573900396855	41.5734962103376	13.0482504407865	-3.94674298615149	-24.8460833756503	35.9524275175758	-7.59106873405401	9.9902018450813	28.9147174235517	-9.61931312205099	-21.9988926029688	5.40913179310424	-5.33617518040937	-16.8366380072025	7.45365523980453	2.96651367146233	-4.638517972614	1.96240647956141	-0.299175818492128	7.43194020909432	45.0872186521101	566.539240114412	17386.51783192	113.485379404349	263.222493174702	502.349888084362	719.851256191169	1331.77129054782	1695.47091211411	1654.97822274996	1788.4510681356
397.656	56.4849824543529	27.6648888661148	4.23773494520648	4.32267799676121	13.9465944128157	-29.2661779432709	67.4926511441986	21.7949370396487	-17.6511738570762	-36.4913765497302	23.6053745092712	-4.22485999629872	20.4795359585816	-2.35705337344098	13.8823019107184	-2.05773126741918	4.91379416455645	7.51259561516459	0.157603412942806	5.28598367473189	14.4018658057058	263.483017096299	6395.08827197823	92.2125876652606	152.036177495514	935.551386665339	557.368531251943	943.569012872093	1470.4587471225	1325.19005701332	1195.60628262635	1835.49012464938
411.449	3.82060711299444	-86.0768059599698	36.1163386436983	12.2800902209395	-5.28269552015516	-3.95909010720088	-26.316796595904	15.8759485888452	-5.57159776192216	-32.2518358251171	-4.47062567680046	-3.20058765819146	-29.0896695801524	-21.7621324871097	8.45090804815604	-6.62513894960346	-1.24083235671325	-1.50904270411908	0.298485357381966	-0.250278324689606	136.980254345948	170.108783401119	1116.98927020072	89.1494916022072	281.681962053017	477.853051051229	757.656213408526	1168.29224394014	1593.74009999455	1185.51712028968	1070.70447620276	1891.48227830917
425.269	-3.62180007751838	99.3364035540775	45.6493446306079	72.433449633357	30.6728242871134	27.2098085827383	108.699342446707	28.5946890757144	18.4858699500649	10.9191417224758	24.580368845774	41.7180997492131	26.3503764381551	30.1511438276481	35.6051608421798	9.60531278285855	9.7041868977271	9.4005532842351	6.79088485279073	35.9441291361434	153.047147200593	10783.8447693344	78.9441986093165	129.366160490343	494.094246188376	583.743099722594	928.314887961283	1347.34030645021	1594.43952446457	1103.64356411496	1021.0603935745	1928.74902021935
439.117	10.5759341321705	96.6899735333146	-7.40553272554608	25.179908434515	13.4045851069494	6.39290922252298	10.4068990359967	23.4382277085808	-29.5605630981696	10.6282438902466	7.42516170165028	10.3362468665871	-8.35063329776981	2.57437583381372	-24.2596203950945	-7.19185906541386	-11.7355129762473	8.15553487835951	10.8789061298592	84.4064671656337	11787.305172944	38.6312070584725	91.8802639332474	400.749479983675	327.67999407947	704.904967419807	1093.06400166902	1455.63605683823	1502.78821594079	1001.99143996219	913.498708086211	2000.00698249484
452.991	-74.5343415626635	-39.8236362003229	-28.4677112835743	-6.04965225009988	8.19775598836037	-7.02144891446545	-41.6721929532389	-1.40780026428937	-8.64607826502012	-13.2782585214231	15.064449410154	-3.5476527007724	-9.74488132151539	-6.43252605146784	-10.4081187452797	2.76463253967001	-7.4270823832176	4.77908612558986	55.3185357053586	3671.79346398159	34.146001245759	44.4839348673994	100.042712568293	206.957592868272	336.0024710954	725.886681782652	1111.99757294509	1324.12332579891	1289.35872542073	880.108558688018	833.605860741058	1683.31675895309
466.891	115.253112177516	196.761615444988	36.892846755557	48.2164400453283	0.569138323324625	-3.41230327874318	40.5039365461456	36.9450012202868	56.4247780054621	34.746950104573	13.1008496453751	8.27567102356751	26.7435926803131	17.3137674863868	14.5675195361836	8.73316478758468	13.6356401617124	40.87694286429	286.589621651668	131.368962213685	41.4859217186737	65.1803684135637	342.198992350945	181.453826581431	334.675467721306	659.676962598388	983.07639875338	1125.94883484353	1068.55123444222	744.731831651947	730.757981504836	1697.81110223847
480.816	-103.438196923306	113.98806763534	45.2687525526065	-3.46321047322685	-5.58681353000379	-4.18700984999498	-11.1327283374482	-4.02957758391647	8.24928650492881	-7.79623603973767	0	-9.47755588423951	-6.0161345828442	0	-3.1777479083713	0.659439031244236	10.4981238801338	37.7548212772152	1986.81928126899	26.8921511473205	35.9725900862983	78.3430141531478	106.224788873922	158.780075560821	284.746385124356	555.963611361195	785.037058108214	876.281082451724	824.084874856251	604.364521060257	710.830024576505	22513.7418249579
494.766	35.8477357872031	-3.19223586216441	37.6522173631929	18.6215443496709	1.12650274282968	-10.9752750318701	8.01699582416047	29.7919568043777	5.94054695827392	23.5800279587265	19.0666755934197	-2.04751765184846	-4.41116117600182	19.0385337924309	6.80795156809906	8.64283222866572	29.6351961540047	7906.39139692398	30.5520912195587	40.454712440598	55.9398995504486	214.913315475965	105.790336880545	149.939917844516	258.065492225788	457.521138522602	616.48322998203	661.999089838837	656.060670895933	540.175179225793	675.131669895574	3142.47370536171
508.74	61.4566271404582	15.842038063657	5.66229768008886	-35.8099308799893	8.9447522558044	41.8975029322221	-11.1400148285399	37.6340065362147	8.25468575215816	-29.2550203520177	7.56974142364418	-16.9352840126085	10.9455858327093	13.6999058201341	16.2966173660583	33.3234673816952	6502.3292898709	41.794748200354	50.0346610540904	61.9771855329795	99.4987492350172	92.6042535475107	106.509921275095	143.982576291142	224.872533632614	348.592625680873	461.343618774223	492.326568324134	488.982363290028	442.521561593575	1704.50634946549	784.803512933956
522.737	35.1257596335542	-6.25588797315487	31.3039141434552	23.9485378327188	29.251094611963	3.30899450747064	0	19.9035985260197	-4.65672310880311	22.1424108675353	23.9138192405712	-16.0502439119098	-0.540290006364985	13.0585673811195	30.6073784838542	530.926416350341	33.4459463603052	43.0627787965142	65.3619472972636	75.0962668121074	155.38806507733	98.6722870031211	97.2741028627681	140.806405421722	195.841932059174	287.354114621242	355.045804105175	370.863944405124	378.906870896285	423.092363425148	7358.23288110335	1159.32276196008
536.756	-83.7393979741276	-22.0841380733259	-21.4248435736151	-6.9013555911247	6.67991514057839	12.5155736541619	31.6926890938251	-33.4582944587843	-2.34840970265267	16.5070488635987	4.52244881914993	0.67451846237498	3.26965274992248	-7.05589660921609	19.7890516474562	834.785393182433	23.2737964462304	50.702783222074	66.4279827735823	122.159123904189	85.3793313215338	94.7524759467503	103.69351851466	131.227689441925	162.877225108092	228.757377388339	269.811062663473	274.153749965578	314.174220824826	426.735362258309	402.713583989607	729.738259635499
550.798	0	71.5481280178833	3.4872131551262	-3.55711241278347	-6.8859541431104	-17.2021479202639	47.371842128208	13.7961202501099	-9.68338140912469	13.0123893225769	-20.2017475203505	10.4298552515593	-7.86450870419195	19.3960869131174	4812.22698009977	15.2396808068848	25.0699434526833	40.2771968085218	64.3268076457198	102.873062120035	84.004314093142	81.7782916524121	94.0560186431895	113.623347455183	137.258243028825	180.327815079829	202.946833261731	213.633924467592	264.098432972245	3496.5012941511	359.48696745599	447.201784713533
564.86	34.0371484097753	60.0138655227992	33.3671237543517	35.2515188998345	25.296173823068	21.1625221166779	46.8903859995488	35.3590412651044	19.8545722492238	-3.07849499718881	17.5243441327524	24.2364741554726	33.4021987964264	6965.58762596208	11.293158505652	17.0122963040391	40.9011597276733	46.861275430401	113.944835488188	70.7925827700285	77.9012707808403	79.8058263818394	92.1143296495382	109.357692517584	119.338640234387	143.483842684148	175.990187452435	185.622518502994	271.712919666816	908.075018113458	424.450519168322	418.995316343744
578.943	193.642945545965	17.2438772394559	28.3513928071181	74.1852680994735	19.4725210502154	23.7145754249517	64.0934018441967	84.8543846163314	-5.13436058771638	43.5197985679974	43.6697578930159	8.11089969840559	2625.87755559648	24.1680333540986	19.469284694871	18.3156719658385	32.5885157336096	47.8770235762781	62.3014060560908	59.7351026185516	65.9799666188124	71.4280236385296	85.1909791310134	87.6302811808465	98.2545745741337	119.941977494462	135.283418184015	141.719263491452	312.581739748335	249.384737761113	325.745956652813	430.265447535636
593.046	25.1597878462106	63.3734524495089	31.459840455833	32.0904355459686	-12.4243061202031	18.6226699084435	-35.3680844250974	-23.8966059006937	23.5867890995366	-42.2607860712061	1.6823054592638	72.26325547454	35.8801988228358	23.0975584182871	-3.09175780636011	18.3312731572925	24.2218753994375	81.3250646822104	45.0686576091483	49.2091745549413	57.5458035442602	54.4672101916161	60.6146288026512	74.6208674671479	76.9463264097927	90.2935807136113	102.610978333329	114.859879932593	2653.44916491893	241.665800741822	183.140115438973	243.668528489194
607.168	73.7764976790141	3.61338274446753	0	26.3478209058523	-10.2009644607556	5.73379688357931	-12.704532457507	39.85370399127	-4.03456463718292	2.22424213568694	8.63284538591838	831.261497403909	33.0794136667432	11.8526424270507	16.3188304780097	1.88135925045615	23.9606593344144	33.5108176803148	38.6174407067732	39.3882333906617	50.7334287940473	51.1660840493391	50.4068889312874	58.4865220881344	59.0267059994545	73.898349654877	86.4679174249229	129.85645954132	136.980255281954	303.730339576584	176.829629630241	408.024872425538
621.308	19.0272791485839	0	-26.6467503772209	12.2313913832653	6.57718258814799	13.8018637591727	74.8926650088356	85.3901446403134	44.3960209608173	36.7130692000165	4478.72343210062	24.7061875683147	12.2335973133379	-3.89053376178346	26.187449554477	30.2771489950607	57.1609124147243	25.1225464115212	28.8382611833312	35.6478697403494	30.1639711960381	44.3308960323126	38.0492357936217	48.7239336006823	57.3599357545345	70.1197285989786	76.6746755757472	764.517765801685	113.694552903809	251.077276142393	176.042177896245	251.1975034305
635.466	89.5745289136792	57.2234296303782	-13.6352865517617	70.9338514528563	6.05804394312847	-5.04463462149836	51.7360263563795	48.5495552150734	8.51913168100953	2969.40581933918	4.55714266829702	23.6533168633022	5.27157729028307	21.0456761831757	26.3219389558538	21.4518201169797	20.8699481941348	30.7649237148616	26.7750333301322	32.7831502250437	31.6878869258466	37.8713462853261	41.0168002590834	48.6995408755689	57.0012500027566	59.4533944364941	76.2592799853952	908.838421774083	106.812823731141	203.743773137342	219.329444911544	232.760034632875
649.641	28.1476079286819	94.5323865494839	-8.44699575429569	44.5176073970477	-0.694986976033008	-31.251273721317	-13.8488624341733	-33.4180229296061	435.398858798774	9.69834142592757	22.5850272377891	14.3162650216514	-1.36071553576645	6.46012023672223	14.3297938372278	49.629798654183	21.2215718525822	21.5545106915767	23.7181633535075	26.0777133378533	27.8626403386946	28.1851025005813	34.3084751987384	35.125150420877	41.2851808214757	58.3697512360153	84.6709185592365	42.0597950704222	100.808882442634	156.146359414064	183.32146633369	312.061088697993
663.832	29.2702028208524	-32.7675224889845	39.527470970785	61.2263284158653	4.33622845633184	-1.0832550111666	61.7193799984814	104.252444275176	82.3206584716995	40.3405392432674	33.2715116321545	14.8872324029289	-2.12247625877922	9.1605893242437	36.4824950143087	16.6343558823046	19.3518855155645	13.2125556290074	19.7639486836883	26.5699223612909	35.7783395092443	35.707678512205	36.7916798125735	39.2779875465226	41.3332119828525	42.77954464253	1027.38255283924	64.8517722317612	120.987298006619	160.870393428157	151.384847686823	212.607930963085
678.038	158.745242397685	163.903991034816	46.5659278122992	29.1124840385281	17.7968626605141	48.9051601861159	2.11091916317496	1349.59101340876	70.3880432278189	43.9786547244107	24.0977314321531	49.4195787022085	18.1481724547103	53.2626025029678	72.7572996328697	27.5710454167189	17.0693039928168	21.5456753180697	20.6141181656781	22.4843242969952	31.305358330941	50.4038571955055	70.066927339292	54.6764717084074	56.0002265519724	57.6829966771187	68.6696780409788	60.0421757285222	88.9601252376002	137.294662994846	143.823533766101	187.530532979532
692.258	-105.795164435629	17.2719151150736	6.17336762440506	17.317050744721	-14.4757605340028	-27.4074627748434	3220.72495325404	-29.3077084671685	64.28386073631	-13.2898049001919	1.03162177419091	-21.2334110517281	-14.9168961584721	-1.93143587545352	8.12539208195946	-2.69786066736965	10.737336643521	5.22330012943732	13.0866601412323	13.7163653715621	9.48731494016209	29.1572926394682	32.6156132777541	26.9015083869737	33.7035385964929	278.147374667442	32.274624274386	40.0664457509229	33.2367288252897	61.813571568767	79.7956647419452	15.7286511848991
706.493	-18.2985648976879	0	4.80491673903844	63.7159722645863	7.11594793349065	903.056713588145	81.0274456670201	-15.2073776221211	15.010215685884	-2.7583607482371	21.4117891897256	7.66450975487161	6.96615997041792	14.0307471126145	9.5566229595045	10.2658144438166	13.0000739366058	1.29061929529418	4.28873227855875	10.7882350323772	18.4906700551659	28.2263598181617	30.7982760387703	32.8443120210792	37.225127718143	350.158252796787	30.1184027965846	55.4398463637945	35.35449207193	54.2794744035147	75.1422301383264	220.357437181757
720.74	256.203906047063	158.01445998033	53.1556627824484	44.0546751314514	24.6006427682258	18.4368304103215	39.6838241445091	72.9459214851176	39.7838864688931	-12.8735559671228	55.5172461007535	-5.96184378426929	27.2938498754727	25.6388282979685	17.4908829249188	27.1015234081918	16.9498321549036	2.67709077104533	14.2706372728921	15.3846650407412	18.9282500184264	29.9771111079792	34.4719998216619	31.5091617431433	44.048771126579	27.1926080576254	27.4668633715756	29.4337864829106	48.2935857873584	101.501768000222	97.0181039404532	279.326947887886
735	-14.7240488569715	91.3451563485842	-91.0729568960952	-17.5280120588166	89.0693959827469	-35.6013971169823	67.6140008428089	38.7495711146682	-42.944210295226	11.8375005251047	11.4860821748387	4.11152884489221	-8.30423995287052	2.15046170368881	-13.2686631011711	-4.00506595174397	9.16546640307086	-5.5386905413004	7.66878640872706	6.75174683004172	16.2312299042028	12.8401378371483	18.320698015591	19.3808051189996	418.677780699388	12.6189241817104	29.8062048162374	18.7645244163349	20.3531850949186	35.2939808139979	110.233033467075	275.818541865824
749.271	221.051574347174	-10.071196736866	-23.3978569539632	1002.40786996556	-7.10801534568596	-14.6494343855927	-12.6464248993508	-10.6807675897928	-26.2385950207086	10.8489379662725	-1.20307050801149	7.53634118793529	23.4845809667923	15.7669944412245	-12.002652953084	3.67059853295479	19.6175041589408	4.64105002336657	6.02430660438079	10.271073935052	8.63535149310455	9.89640784559772	8.56669212995176	27.989067725346	28.9171355134732	12.3911829454442	13.1296932315969	29.2959742405485	20.8337439773555	66.5414579195562	49.9751510693574	197.183479528215
763.552	-149.155201707185	43.2902958651979	1328.73675701336	25.6474776546502	-8.59310981827207	-20.0357539772118	-54.3597240560179	-20.6597210341105	22.1541304575984	53.2952675866706	36.1991684995151	12.7263739326528	3.73876807399966	-16.1364909326258	-12.8981294647012	9.01588393376528	15.2501563165629	11.5331376042357	4.96321548496505	7.59949605115956	-0.579975329030516	5.99908674206161	11.0469881558608	141.462162423749	20.2135378040654	11.5402268269974	10.0332475225579	20.3235941036031	11.9750183106491	26.8147074142018	49.9999263605724	24.6389137661601
777.843	23.2404576399038	677.26334801197	-10.1709673737854	47.7242584135621	23.0964766371121	39.1346133513792	40.0207596866531	-19.3144335316471	36.0098232596046	22.7715223648497	59.8278346618721	40.1546624311408	-5.89834035657981	-12.7285931886744	8.56770336507939	-11.2603522189694	0.471742954907867	6.88454256182302	7.94352715001352	2.66424146855239	3.04992787404234	14.3397807063122	9.29488284464667	230.820643622284	8.24994249016432	2.80093023940269	17.1476628749785	-3.35297541009256	31.2128374470155	48.0482057850735	218.139175864264	103.655319280084
792.144	-42.5442581043131	-5.95345180362524	44.6858251580625	82.4808598131629	0	9.44707101688345	26.9127472272545	5.05103309828429	55.3949669296629	29.3174995085798	59.7390248375988	14.0014480989253	21.5951439860249	20.4162142107959	-1.49372758641491	18.5984974440548	6.41515280845934	9.94516568230124	4.03601239760411	9.15717702739573	3.19041956139708	9.30020303161283	24.3076043706167	9.09085660214511	15.2684037314154	31.252822562627	13.1082108928344	35.9511232675188	45.825436693777	37.1498009030458	-2.03738861834945	303.604256037714
806.452	28.685674214613	-121.762368347447	-75.3240907005842	-46.1003522458288	-23.1368939388226	12.3855936201863	-28.2271912438345	-59.5994662103092	-27.8882445514619	-86.4826703435122	-43.6359406449335	-20.0253982641329	-9.70708767141432	-3.49130892608904	-9.40009592299647	-26.8219402568376	-13.5863436211683	-11.3301122324434	1.68080362619005	-3.28847064804496	-8.53291880554973	-0.707983094005835	183.881322514925	-10.2976516432589	7.04969721356915	6.14610749277798	-4.07025837968234	5.17321785105356	18.9250402725712	-12.0330717393241	-28.8481041609882	-204.706655302679
820.768	9.561891404871	98.3465282806299	48.542191784821	-35.8558295245335	14.8737175321003	-47.0652557567079	112.908764975338	5.95994662103092	-67.9775960941885	-2.88275567811707	-13.4264432753642	-4.00507965282659	16.9874034249751	3.49130892608904	-17.6251798556184	-0.975343282066822	2.32908747791456	2.1581166157035	1.30729170925893	2.97528296727877	-1.50580920097936	3.06792674069195	28.0442918220336	6.29300933754709	11.4883954591497	-4.86566843178257	3.52755726239136	5.17321785105356	18.0238478786392	68.7604099389947	1.60267245338823	-8.52944397094494
